12
80
43 73
16
4
64
47
55
65

1 12
2 12
3 12
4 12
5 12
6 12
7 12
8 12
9 12
10 12
11 12
12 12
13 12
14 12
15 12
16 12
17 12
18 12
19 80
20 12
21 12
22 12
23 12
24 12
25 12
26 12
27 12
28 12
29 12
30 12
31 12
32 12
33 12
34 12
35 12
36 12
37 12
38 12
39 43
40 12
41 12
42 12
43 12
44 80
45 12
46 73
47 12
48 12
49 12
50 12
51 12
52 12
53 12
54 12
55 16
56 16
57 16
58 16
59 16
60 16
61 16
62 16
63 16
64 16
65 16
66 16
67 16
68 16
69 16
70 16
71 16
72 16
73 16
74 16
75 16
76 16
77 16
78 16
79 16
80 16
81 16
82 16
83 16
84 16
85 16
86 16
87 16
88 16
89 16
90 16
91 16
92 16
93 16
94 16
95 16
96 16
97 16
98 16
99 16
100 16
101 16
102 4
103 4
104 16
105 16
106 16
107 64
108 64
109 47
110 64
111 64
112 64
113 64
114 64
115 64
116 43
117 64
118 64
119 64
120 4
121 64
122 64
123 64
124 64
125 64
126 64
127 64
128 64
129 64
130 64
131 80
132 64
133 64
134 64
135 64
136 64
137 64
138 64
139 64
140 64
141 64
142 64
143 64
144 64
145 64
146 64
147 80
148 64
149 64
150 64
151 64
152 64
153 64
154 64
155 64
156 64
157 64
158 64
159 64
160 64
161 64
162 80
163 80
164 80
165 80
166 55
167 55
168 80
169 80
170 80
171 80
172 80
173 80
174 80
175 80
176 80
177 80
178 80
179 80
180 80
181 55
182 55
183 80
184 80
185 80
186 80
187 80
188 80
189 80
190 80
191 80
192 80
193 80
194 80
195 80
196 80
197 80
198 80
199 80
200 80
201 80
202 80
203 80
204 80
205 80
206 80
207 80
208 80
209 80
210 80
211 43
212 80
213 55
214 55
215 55
216 55
217 55
218 55
219 55
220 55
221 55
222 55
223 55
224 55
225 55
226 55
227 55
228 55
229 55
230 55
231 55
232 55
233 55
234 55
235 55
236 55
237 55
238 55
239 55
240 55
241 55
242 55
243 55
244 55
245 55
246 55
247 55
248 55
249 55
250 55
251 47
252 55
253 55
254 55
255 55
256 55
257 55
258 55
259 55
260 47
261 47
262 47
263 47
264 47
265 47
266 47
267 47
268 47
269 47
270 47
271 47
272 47
273 47
274 47
275 47
276 47
277 47
278 47
279 47
280 47
281 47
282 47
283 47
284 47
285 47
286 47
287 47
288 47
289 47
290 47
291 47
292 47
293 47
294 65
295 47
296 47
297 47
298 47
299 47
300 47
301 47
302 47
303 47
304 47
305 4
306 47
307 47
308 47
309 47
310 65
311 65
312 4
313 65
314 65
315 65
316 65
317 65
318 65
319 65
320 65
321 65
322 65
323 65
324 65
325 65
326 65
327 65
328 65
329 65
330 65
331 65
332 65
333 65
334 65
335 65
336 65
337 65
338 4
339 65
340 65
341 65
342 65
343 65
344 65
345 65
346 65
347 65
348 65
349 65
350 65
351 65
352 65
353 4
354 4
355 65
356 65
357 65
358 65
359 65
360 73
361 65
362 65
363 65
364 4
365 73
366 4
367 4
368 4
369 4
370 4
371 4
372 4
373 4
374 4
375 4
376 43
377 4
378 4
379 43
380 4
381 4
382 4
383 4
384 4
385 4
386 4
387 4
388 4
389 4
390 4
391 4
392 73
393 4
394 4
395 4
396 4
397 4
398 43
399 4
400 4
