15 32 7 28
39 61
73 9
40 62 58
34
36
69
60
54
31
19
70
76
17
47
6

1 76
2 9
3 76
4 70
5 73
6 76
7 76
8 76
9 9
10 76
11 19
12 76
13 76
14 19
15 76
16 70
17 76
18 76
19 76
20 76
21 36
22 58
23 58
24 58
25 47
26 47
27 58
28 17
29 47
30 6
31 36
32 6
33 32
34 32
35 54
36 60
37 60
38 34
39 69
40 6
41 70
42 76
43 31
44 73
45 47
46 76
47 76
48 19
49 19
50 47
51 31
52 70
53 54
54 69
55 47
56 47
57 17
58 17
59 60
60 6
61 36
62 7
63 32
64 32
65 32
66 32
67 32
68 32
69 32
70 32
71 60
72 60
73 60
74 36
75 36
76 15
77 34
78 34
79 34
80 36
81 9
82 9
83 19
84 76
85 9
86 9
87 73
88 9
89 9
90 70
91 54
92 17
93 47
94 47
95 17
96 17
97 19
98 6
99 19
100 17
101 73
102 73
103 73
104 73
105 73
106 76
107 73
108 76
109 73
110 73
111 58
112 6
113 34
114 58
115 47
116 58
117 36
118 34
119 19
120 58
121 17
122 70
123 70
124 36
125 19
126 70
127 17
128 19
129 17
130 19
131 39
132 39
133 39
134 39
135 54
136 69
137 39
138 54
139 39
140 61
141 36
142 34
143 36
144 15
145 69
146 34
147 34
148 34
149 36
150 34
151 70
152 31
153 31
154 54
155 73
156 54
157 54
158 60
159 73
160 54
161 60
162 6
163 19
164 17
165 6
166 19
167 17
168 6
169 17
170 70
171 39
172 54
173 31
174 39
175 17
176 69
177 54
178 39
179 69
180 54
181 60
182 17
183 17
184 70
185 31
186 17
187 47
188 70
189 70
190 17
191 61
192 39
193 69
194 39
195 39
196 54
197 73
198 39
199 69
200 39
201 58
202 19
203 47
204 17
205 47
206 6
207 58
208 6
209 58
210 34
211 54
212 31
213 54
214 69
215 69
216 17
217 60
218 60
219 60
220 70
221 36
222 39
223 31
224 19
225 69
226 69
227 28
228 60
229 31
230 39
231 69
232 60
233 6
234 34
235 36
236 6
237 60
238 60
239 36
240 60
241 47
242 70
243 70
244 70
245 76
246 19
247 31
248 19
249 76
250 19
251 69
252 39
253 69
254 31
255 60
256 31
257 31
258 69
259 32
260 54
261 47
262 47
263 62
264 17
265 58
266 58
267 76
268 58
269 47
270 58
271 32
272 60
273 28
274 60
275 69
276 36
277 69
278 69
279 36
280 19
281 31
282 39
283 31
284 31
285 31
286 73
287 31
288 31
289 39
290 31
291 36
292 32
293 36
294 36
295 34
296 60
297 32
298 32
299 34
300 69
301 70
302 54
303 69
304 70
305 36
306 6
307 19
308 19
309 69
310 6
311 32
312 32
313 36
314 32
315 34
316 60
317 32
318 32
319 32
320 34
321 34
322 36
323 34
324 60
325 69
326 34
327 36
328 32
329 34
330 36
331 60
332 69
333 34
334 36
335 17
336 70
337 36
338 6
339 6
340 34
341 17
342 69
343 70
344 76
345 19
346 19
347 54
348 54
349 54
350 54
351 70
352 31
353 6
354 47
355 47
356 60
357 6
358 70
359 17
360 47
361 36
362 69
363 32
364 36
365 69
366 47
367 69
368 31
369 36
370 6
371 60
372 60
373 69
374 69
375 54
376 54
377 54
378 69
379 31
380 54
381 39
382 69
383 39
384 39
385 39
386 60
387 39
388 39
389 39
390 54
391 47
392 17
393 40
394 62
395 47
396 62
397 76
398 70
399 9
400 17
401 39
402 69
403 39
404 54
405 54
406 31
407 39
408 54
409 39
410 39
411 76
412 47
413 47
414 70
415 76
416 47
417 17
418 19
419 47
420 17
421 47
422 70
423 54
424 47
425 17
426 47
427 47
428 47
429 34
430 58
431 6
432 15
433 34
434 34
435 34
436 6
437 34
438 15
439 34
440 34
441 34
442 36
443 6
444 34
445 6
446 32
447 34
448 34
449 69
450 36
451 54
452 39
453 39
454 54
455 60
456 39
457 39
458 31
459 39
460 39
461 6
462 47
463 6
464 17
465 36
466 36
467 60
468 17
469 17
470 47
471 47
472 70
473 17
474 58
475 70
476 76
477 76
478 47
479 62
480 19
481 31
482 31
483 19
484 31
485 73
486 31
487 54
488 39
489 54
490 54
491 19
492 31
493 60
494 19
495 60
496 60
497 31
498 19
499 70
500 70
501 19
502 73
503 76
504 70
505 17
506 76
507 76
508 73
509 19
510 76
511 36
512 69
513 32
514 34
515 34
516 34
517 32
518 32
519 36
520 69
521 58
522 58
523 58
524 58
525 58
526 58
527 58
528 58
529 58
530 58
531 70
532 19
533 60
534 54
535 60
536 69
537 54
538 36
539 54
540 31
541 36
542 60
543 69
544 36
545 34
546 36
547 36
548 32
549 69
550 34
551 60
552 17
553 70
554 6
555 36
556 62
557 17
558 47
559 76
560 76
561 6
562 47
563 19
564 70
565 17
566 31
567 6
568 6
569 31
570 17
571 58
572 58
573 58
574 58
575 58
576 47
577 58
578 47
579 58
580 58
581 36
582 17
583 70
584 34
585 17
586 34
587 34
588 6
589 19
590 60
591 60
592 60
593 69
594 19
595 69
596 17
597 69
598 60
599 60
600 19
601 73
602 31
603 61
604 19
605 31
606 73
607 31
608 73
609 54
610 54
611 62
612 47
613 47
614 62
615 47
616 62
617 6
618 47
619 62
620 76
621 73
622 17
623 47
624 73
625 19
626 76
627 70
628 73
629 76
630 70
631 32
632 32
633 36
634 32
635 32
636 32
637 32
638 34
639 34
640 32
641 60
642 32
643 69
644 32
645 36
646 36
647 32
648 32
649 69
650 6
651 69
652 60
653 39
654 32
655 6
656 60
657 69
658 32
659 69
660 32
661 17
662 6
663 58
664 17
665 70
666 6
667 70
668 70
669 6
670 6
671 76
672 73
673 70
674 76
675 73
676 73
677 76
678 73
679 9
680 76
681 6
682 31
683 36
684 17
685 31
686 69
687 19
688 6
689 31
690 19
691 6
692 19
693 70
694 47
695 17
696 19
697 70
698 6
699 17
700 70
701 39
702 39
703 39
704 39
705 31
706 69
707 54
708 39
709 39
710 36
711 61
712 73
713 19
714 54
715 70
716 76
717 19
718 76
719 73
720 73
721 73
722 73
723 73
724 54
725 70
726 31
727 73
728 19
729 76
730 73
731 6
732 47
733 17
734 34
735 58
736 58
737 6
738 58
739 76
740 34
741 34
742 15
743 6
744 6
745 60
746 47
747 34
748 34
749 58
750 34
751 6
752 6
753 70
754 6
755 47
756 76
757 19
758 76
759 19
760 76
761 9
762 19
763 76
764 47
765 9
766 9
767 19
768 76
769 9
770 17
771 31
772 31
773 19
774 60
775 69
776 36
777 36
778 31
779 54
780 54
781 60
782 31
783 31
784 54
785 36
786 39
787 54
788 54
789 31
790 54
791 54
792 70
793 31
794 60
795 31
796 17
797 70
798 70
799 6
800 60
