42 55 44 66
64 5
4 75 65 78
37
59
35
50
52

1 59
2 78
3 59
4 35
5 59
6 37
7 37
8 37
9 37
10 37
11 59
12 59
13 64
14 64
15 35
16 75
17 75
18 75
19 64
20 75
21 37
22 64
23 64
24 64
25 35
26 50
27 55
28 37
29 50
30 59
31 64
32 64
33 37
34 5
35 64
36 64
37 35
38 35
39 35
40 64
41 37
42 52
43 37
44 52
45 37
46 52
47 55
48 52
49 37
50 35
51 66
52 59
53 59
54 75
55 78
56 35
57 52
58 59
59 35
60 52
61 52
62 59
63 59
64 75
65 37
66 50
67 50
68 66
69 50
70 66
71 37
72 52
73 52
74 35
75 75
76 35
77 50
78 52
79 59
80 59
81 35
82 37
83 64
84 35
85 55
86 52
87 50
88 50
89 66
90 52
91 59
92 35
93 52
94 35
95 52
96 75
97 75
98 75
99 75
100 75
101 52
102 37
103 50
104 50
105 52
106 55
107 37
108 37
109 55
110 37
111 50
112 59
113 50
114 50
115 59
116 59
117 35
118 75
119 59
120 75
121 55
122 52
123 37
124 37
125 55
126 50
127 59
128 35
129 59
130 35
131 64
132 75
133 75
134 75
135 4
136 50
137 55
138 37
139 37
140 55
141 66
142 78
143 52
144 66
145 50
146 64
147 64
148 37
149 64
150 37
151 50
152 50
153 50
154 78
155 78
156 64
157 64
158 64
159 75
160 4
161 64
162 64
163 59
164 35
165 35
166 59
167 75
168 52
169 59
170 59
171 52
172 52
173 35
174 50
175 52
176 37
177 35
178 64
179 64
180 64
181 37
182 37
183 37
184 37
185 37
186 50
187 55
188 35
189 55
190 50
191 52
192 37
193 5
194 37
195 52
196 64
197 64
198 64
199 64
200 64
201 35
202 59
203 35
204 52
205 35
206 42
207 55
208 55
209 55
210 55
211 64
212 64
213 64
214 64
215 5
216 44
217 55
218 55
219 55
220 37
221 35
222 35
223 59
224 52
225 66
226 50
227 50
228 55
229 44
230 50
231 78
232 66
233 78
234 50
235 78
236 50
237 52
238 59
239 50
240 78
241 59
242 78
243 59
244 52
245 75
246 50
247 59
248 35
249 35
250 35
251 52
252 59
253 59
254 35
255 35
256 59
257 35
258 59
259 35
260 52
261 59
262 59
263 75
264 35
265 59
266 37
267 35
268 52
269 52
270 35
271 52
272 55
273 37
274 55
275 50
276 59
277 52
278 66
279 78
280 52
281 66
282 50
283 66
284 50
285 59
286 75
287 59
288 35
289 35
290 52
291 35
292 35
293 35
294 35
295 35
296 55
297 50
298 55
299 55
300 52
301 59
302 35
303 59
304 75
305 75
306 50
307 52
308 52
309 50
310 50
311 64
312 64
313 64
314 64
315 59
316 64
317 64
318 64
319 37
320 64
321 75
322 75
323 65
324 75
325 78
326 66
327 66
328 66
329 66
330 66
331 37
332 59
333 64
334 52
335 52
336 52
337 52
338 59
339 52
340 78
341 52
342 52
343 50
344 52
345 52
346 50
347 35
348 52
349 35
350 50
351 64
352 64
353 37
354 5
355 37
356 59
357 59
358 50
359 35
360 50
361 66
362 50
363 66
364 50
365 50
366 37
367 50
368 55
369 55
370 37
371 75
372 75
373 59
374 75
375 75
376 37
377 37
378 37
379 37
380 64
381 35
382 52
383 50
384 50
385 50
386 75
387 75
388 59
389 75
390 59
391 50
392 66
393 50
394 66
395 66
396 37
397 5
398 37
399 37
400 37
