65 34 47
52
13
55
1
44
60
16
15
29
57
17
69
66
23
2

1 69
2 16
3 52
4 23
5 23
6 2
7 66
8 2
9 13
10 66
11 47
12 29
13 52
14 52
15 47
16 17
17 60
18 60
19 16
20 52
21 60
22 1
23 17
24 52
25 55
26 57
27 1
28 66
29 23
30 57
31 13
32 55
33 66
34 29
35 1
36 13
37 34
38 15
39 23
40 44
41 13
42 17
43 34
44 57
45 34
46 44
47 52
48 55
49 1
50 15
51 44
52 2
53 1
54 1
55 2
56 44
57 15
58 16
59 15
60 29
61 29
62 44
63 66
64 23
65 16
66 13
67 2
68 2
69 57
70 17
71 52
72 69
73 66
74 69
75 1
76 69
77 29
78 55
79 66
80 66
81 60
82 17
83 47
84 55
85 52
86 29
87 29
88 69
89 1
90 16
91 66
92 52
93 66
94 13
95 66
96 15
97 44
98 52
99 29
100 44
101 1
102 57
103 16
104 66
105 15
106 15
107 17
108 55
109 55
110 69
111 47
112 1
113 2
114 15
115 55
116 52
117 2
118 15
119 1
120 60
121 2
122 65
123 69
124 13
125 16
126 2
127 15
128 60
129 52
130 23
131 15
132 1
133 2
134 52
135 69
136 57
137 23
138 69
139 15
140 15
141 66
142 66
143 23
144 16
145 69
146 55
147 60
148 52
149 1
150 29
151 17
152 29
153 23
154 17
155 66
156 57
157 60
158 57
159 60
160 60
161 52
162 66
163 16
164 17
165 15
166 34
167 17
168 69
169 23
170 23
171 13
172 17
173 47
174 13
175 23
176 23
177 60
178 47
179 57
180 1
181 66
182 1
183 2
184 23
185 60
186 44
187 1
188 47
189 66
190 44
191 55
192 13
193 15
194 15
195 57
196 57
197 17
198 57
199 2
200 2
201 44
202 69
203 13
204 65
205 1
206 15
207 2
208 16
209 44
210 55
211 66
212 13
213 16
214 16
215 1
216 13
217 17
218 57
219 60
220 57
221 69
222 29
223 66
224 13
225 13
226 23
227 47
228 55
229 69
230 57
231 52
232 29
233 23
234 23
235 60
236 57
237 13
238 16
239 47
240 1
241 55
242 44
243 1
244 69
245 16
246 55
247 13
248 34
249 16
250 34
251 15
252 1
253 16
254 17
255 13
256 55
257 16
258 15
259 52
260 1
261 29
262 57
263 17
264 55
265 17
266 52
267 17
268 60
269 2
270 52
271 52
272 55
273 23
274 60
275 69
276 52
277 13
278 29
279 60
280 23
281 23
282 1
283 17
284 2
285 1
286 23
287 17
288 69
289 44
290 66
291 44
292 66
293 57
294 29
295 17
296 44
297 60
298 2
299 17
300 55
301 69
302 29
303 2
304 44
305 44
306 13
307 29
308 16
309 47
310 57
311 60
312 57
313 47
314 13
315 2
316 60
317 69
318 66
319 2
320 23
321 17
322 2
323 69
324 60
325 29
326 16
327 44
328 2
329 60
330 47
331 23
332 44
333 47
334 17
335 52
336 55
337 16
338 15
339 2
340 15
341 29
342 44
343 15
344 60
345 69
346 44
347 17
348 57
349 29
350 60
351 52
352 47
353 29
354 52
355 55
356 47
357 13
358 13
359 15
360 69
361 16
362 13
363 15
364 15
365 66
366 29
367 23
368 29
369 13
370 66
371 16
372 57
373 29
374 52
375 2
376 16
377 57
378 29
379 47
380 47
381 44
382 55
383 16
384 16
385 69
386 44
387 55
388 60
389 55
390 57
391 23
392 44
393 55
394 1
395 55
396 17
397 69
398 44
399 57
400 69
