45 30 15 28
43 38 24 46 4
48 36 75 33 60
52 32 59
74 68 16 57 50 44
71
37
40
64
21
58
1
22
5
73
23
77
66
76
3
69
65
6
26
63
8
35
25
42
51
54
14

1 1
2 1
3 1
4 1
5 30
6 22
7 1
8 1
9 1
10 1
11 73
12 73
13 5
14 73
15 58
16 73
17 73
18 5
19 73
20 58
21 3
22 3
23 6
24 4
25 4
26 3
27 6
28 6
29 3
30 69
31 3
32 69
33 3
34 69
35 69
36 3
37 3
38 3
39 69
40 69
41 73
42 5
43 77
44 73
45 5
46 77
47 73
48 5
49 73
50 77
51 42
52 6
53 6
54 21
55 42
56 42
57 6
58 21
59 21
60 6
61 58
62 21
63 21
64 6
65 21
66 58
67 21
68 21
69 58
70 58
71 35
72 51
73 51
74 8
75 8
76 51
77 35
78 51
79 8
80 35
81 22
82 5
83 22
84 5
85 5
86 5
87 5
88 22
89 22
90 5
91 42
92 51
93 51
94 51
95 51
96 63
97 63
98 63
99 35
100 51
101 71
102 14
103 32
104 32
105 71
106 71
107 32
108 32
109 71
110 32
111 43
112 5
113 23
114 23
115 23
116 23
117 73
118 23
119 73
120 23
121 69
122 69
123 3
124 3
125 69
126 3
127 3
128 3
129 65
130 69
131 14
132 60
133 60
134 14
135 14
136 14
137 14
138 14
139 14
140 14
141 15
142 28
143 15
144 15
145 15
146 15
147 15
148 15
149 15
150 15
151 37
152 16
153 37
154 16
155 16
156 37
157 37
158 16
159 37
160 16
161 65
162 65
163 65
164 65
165 65
166 65
167 46
168 65
169 65
170 46
171 76
172 76
173 24
174 76
175 76
176 66
177 76
178 76
179 76
180 76
181 77
182 38
183 77
184 66
185 38
186 66
187 66
188 66
189 66
190 66
191 63
192 42
193 52
194 42
195 14
196 42
197 59
198 51
199 42
200 63
201 6
202 6
203 21
204 6
205 58
206 21
207 58
208 6
209 21
210 21
211 73
212 22
213 1
214 22
215 22
216 22
217 22
218 22
219 22
220 22
221 77
222 23
223 28
224 5
225 23
226 23
227 77
228 73
229 77
230 77
231 76
232 76
233 76
234 76
235 76
236 66
237 76
238 24
239 66
240 76
241 25
242 25
243 25
244 36
245 25
246 25
247 33
248 25
249 25
250 25
251 26
252 51
253 63
254 26
255 63
256 35
257 26
258 26
259 26
260 42
261 8
262 8
263 8
264 35
265 51
266 35
267 8
268 35
269 8
270 35
271 28
272 5
273 28
274 5
275 28
276 28
277 28
278 28
279 28
280 28
281 77
282 73
283 5
284 5
285 23
286 77
287 43
288 77
289 5
290 77
291 30
292 22
293 1
294 30
295 22
296 22
297 22
298 30
299 22
300 1
301 22
302 1
303 1
304 22
305 22
306 22
307 44
308 44
309 22
310 22
311 71
312 32
313 32
314 32
315 14
316 32
317 71
318 71
319 32
320 71
321 25
322 33
323 54
324 54
325 25
326 54
327 54
328 33
329 54
330 25
331 1
332 50
333 64
334 64
335 1
336 64
337 1
338 64
339 64
340 64
341 35
342 35
343 35
344 51
345 35
346 51
347 35
348 51
349 63
350 26
351 8
352 36
353 8
354 25
355 25
356 8
357 25
358 25
359 36
360 36
361 37
362 37
363 37
364 37
365 37
366 37
367 37
368 37
369 37
370 37
371 66
372 43
373 66
374 23
375 66
376 66
377 76
378 66
379 23
380 66
381 69
382 26
383 26
384 3
385 3
386 69
387 26
388 26
389 69
390 26
391 40
392 40
393 40
394 40
395 40
396 40
397 40
398 40
399 40
400 40
401 26
402 36
403 35
404 26
405 26
406 26
407 35
408 26
409 8
410 26
411 42
412 21
413 21
414 42
415 21
416 42
417 42
418 63
419 42
420 21
421 43
422 66
423 43
424 43
425 43
426 43
427 43
428 43
429 43
430 43
431 59
432 21
433 40
434 40
435 40
436 40
437 44
438 58
439 40
440 21
441 58
442 6
443 45
444 22
445 58
446 58
447 58
448 21
449 58
450 21
451 65
452 69
453 65
454 69
455 69
456 76
457 46
458 65
459 46
460 65
461 54
462 35
463 35
464 54
465 25
466 8
467 8
468 51
469 8
470 8
471 48
472 48
473 26
474 3
475 3
476 48
477 69
478 26
479 48
480 48
481 51
482 51
483 51
484 51
485 26
486 51
487 8
488 63
489 51
490 51
491 64
492 50
493 64
494 64
495 50
496 64
497 64
498 50
499 64
500 40
501 63
502 63
503 63
504 42
505 63
506 51
507 63
508 51
509 63
510 35
511 42
512 21
513 6
514 52
515 42
516 42
517 42
518 59
519 21
520 6
521 33
522 54
523 54
524 54
525 54
526 33
527 54
528 54
529 54
530 54
531 54
532 14
533 14
534 14
535 8
536 54
537 54
538 54
539 54
540 54
541 8
542 8
543 35
544 36
545 36
546 14
547 8
548 33
549 35
550 36
551 64
552 64
553 64
554 1
555 1
556 1
557 1
558 1
559 1
560 1
561 37
562 16
563 16
564 16
565 57
566 37
567 37
568 37
569 37
570 37
571 58
572 58
573 21
574 6
575 58
576 58
577 58
578 58
579 58
580 58
581 71
582 59
583 59
584 59
585 59
586 59
587 59
588 59
589 40
590 59
591 14
592 14
593 14
594 14
595 14
596 14
597 14
598 14
599 14
600 54
601 28
602 23
603 77
604 77
605 73
606 23
607 23
608 77
609 23
610 77
611 69
612 3
613 65
614 65
615 46
616 76
617 65
618 69
619 65
620 65
621 6
622 63
623 42
624 63
625 6
626 63
627 63
628 42
629 6
630 6
631 40
632 40
633 64
634 64
635 64
636 40
637 64
638 64
639 40
640 64
641 46
642 65
643 65
644 46
645 65
646 69
647 65
648 65
649 65
650 65
651 66
652 77
653 66
654 66
655 66
656 66
657 23
658 66
659 66
660 23
661 77
662 5
663 23
664 23
665 5
666 23
667 77
668 23
669 23
670 23
671 16
672 16
673 16
674 71
675 16
676 37
677 74
678 37
679 71
680 68
681 69
682 3
683 3
684 3
685 3
686 69
687 3
688 69
689 3
690 69
691 58
692 21
693 58
694 21
695 58
696 6
697 73
698 6
699 6
700 6
701 71
702 71
703 32
704 71
705 74
706 71
707 71
708 71
709 74
710 71
711 48
712 26
713 8
714 35
715 26
716 35
717 26
718 26
719 36
720 26
721 5
722 5
723 73
724 73
725 77
726 77
727 5
728 6
729 73
730 73
731 71
732 71
733 71
734 71
735 37
736 71
737 71
738 16
739 71
740 37
741 25
742 75
743 25
744 25
745 25
746 75
747 25
748 25
749 25
750 25
751 76
752 76
753 66
754 76
755 76
756 76
757 76
758 76
759 69
760 66
761 77
762 73
763 73
764 77
765 23
766 73
767 5
768 5
769 73
770 77
771 40
772 1
773 64
774 40
775 64
776 40
777 64
778 64
779 40
780 1
781 54
782 54
783 35
784 8
785 14
786 8
787 54
788 35
789 8
790 25
791 63
792 63
793 42
794 42
795 63
796 42
797 52
798 63
799 63
800 42
