61 4 50 70 9
48
39
63
66
17
5
24
1
33
59
47
72
65
46
26

1 33
2 59
3 26
4 33
5 24
6 24
7 65
8 24
9 1
10 33
11 24
12 39
13 5
14 72
15 48
16 17
17 1
18 59
19 48
20 24
21 65
22 39
23 47
24 70
25 33
26 66
27 47
28 46
29 48
30 17
31 33
32 1
33 65
34 59
35 26
36 24
37 1
38 26
39 48
40 5
41 5
42 70
43 5
44 24
45 26
46 48
47 17
48 63
49 1
50 59
51 59
52 33
53 72
54 17
55 39
56 65
57 5
58 17
59 17
60 24
61 61
62 59
63 17
64 39
65 39
66 39
67 59
68 47
69 26
70 47
71 17
72 61
73 24
74 1
75 72
76 46
77 5
78 65
79 59
80 65
81 39
82 59
83 66
84 39
85 65
86 46
87 63
88 66
89 47
90 48
91 61
92 46
93 72
94 1
95 17
96 39
97 33
98 48
99 61
100 61
101 66
102 5
103 66
104 39
105 63
106 1
107 46
108 72
109 9
110 72
111 63
112 4
113 17
114 59
115 5
116 47
117 66
118 26
119 1
120 17
121 5
122 24
123 39
124 24
125 46
126 59
127 46
128 24
129 65
130 26
131 17
132 1
133 17
134 5
135 26
136 17
137 39
138 17
139 47
140 48
141 70
142 72
143 66
144 59
145 17
146 70
147 17
148 59
149 24
150 26
151 33
152 47
153 33
154 59
155 48
156 66
157 1
158 72
159 63
160 47
161 47
162 48
163 26
164 24
165 66
166 26
167 39
168 66
169 39
170 33
171 47
172 63
173 46
174 48
175 59
176 65
177 65
178 65
179 66
180 33
181 63
182 24
183 70
184 39
185 33
186 65
187 63
188 5
189 17
190 65
191 70
192 17
193 33
194 33
195 47
196 26
197 70
198 26
199 33
200 63
201 63
202 26
203 5
204 72
205 17
206 48
207 26
208 5
209 24
210 17
211 59
212 63
213 1
214 59
215 1
216 63
217 47
218 17
219 66
220 66
221 48
222 61
223 26
224 46
225 65
226 33
227 33
228 33
229 48
230 47
231 5
232 17
233 33
234 24
235 24
236 26
237 65
238 39
239 63
240 72
241 46
242 59
243 33
244 72
245 65
246 70
247 5
248 46
249 63
250 59
251 46
252 26
253 59
254 66
255 26
256 48
257 1
258 47
259 72
260 33
261 70
262 66
263 5
264 39
265 24
266 24
267 26
268 1
269 48
270 48
271 72
272 46
273 33
274 65
275 33
276 24
277 59
278 39
279 48
280 72
281 65
282 1
283 63
284 47
285 72
286 24
287 63
288 39
289 24
290 72
291 33
292 26
293 46
294 47
295 1
296 66
297 47
298 46
299 63
300 33
301 63
302 63
303 47
304 65
305 39
306 70
307 26
308 33
309 1
310 48
311 72
312 48
313 65
314 48
315 1
316 65
317 63
318 33
319 33
320 17
321 63
322 17
323 72
324 17
325 46
326 59
327 65
328 47
329 17
330 33
331 72
332 63
333 9
334 72
335 65
336 63
337 24
338 1
339 72
340 1
341 24
342 5
343 63
344 9
345 66
346 66
347 48
348 59
349 70
350 33
351 39
352 26
353 70
354 39
355 39
356 39
357 47
358 59
359 17
360 63
361 24
362 33
363 59
364 59
365 1
366 26
367 4
368 48
369 66
370 33
371 48
372 46
373 65
374 65
375 39
376 39
377 1
378 65
379 66
380 5
381 72
382 26
383 39
384 65
385 1
386 47
387 1
388 46
389 63
390 5
391 26
392 33
393 33
394 17
395 59
396 59
397 59
398 46
399 39
400 72
401 47
402 17
403 5
404 24
405 24
406 5
407 66
408 47
409 24
410 39
411 17
412 48
413 17
414 33
415 48
416 46
417 70
418 5
419 26
420 1
421 63
422 26
423 24
424 17
425 26
426 5
427 46
428 70
429 72
430 72
431 66
432 17
433 47
434 24
435 65
436 24
437 1
438 70
439 47
440 63
441 26
442 5
443 1
444 66
445 39
446 46
447 17
448 65
449 63
450 47
451 33
452 48
453 72
454 47
455 66
456 24
457 70
458 26
459 5
460 65
461 66
462 72
463 46
464 1
465 1
466 70
467 47
468 1
469 1
470 63
471 24
472 70
473 65
474 5
475 46
476 33
477 24
478 59
479 17
480 26
481 1
482 46
483 46
484 47
485 59
486 1
487 63
488 26
489 66
490 63
491 46
492 66
493 72
494 5
495 1
496 17
497 5
498 5
499 65
500 26
501 59
502 72
503 59
504 47
505 39
506 47
507 5
508 65
509 5
510 39
511 61
512 59
513 65
514 46
515 66
516 66
517 39
518 1
519 59
520 72
521 17
522 5
523 1
524 63
525 63
526 39
527 46
528 24
529 65
530 26
531 48
532 59
533 46
534 63
535 39
536 61
537 1
538 24
539 26
540 46
541 63
542 72
543 5
544 63
545 70
546 70
547 48
548 46
549 39
550 39
551 66
552 1
553 59
554 48
555 50
556 39
557 47
558 26
559 48
560 46
561 48
562 24
563 66
564 5
565 59
566 48
567 72
568 48
569 66
570 72
571 5
572 72
573 63
574 46
575 26
576 66
577 59
578 59
579 33
580 70
581 46
582 70
583 72
584 26
585 26
586 39
587 46
588 17
589 65
590 65
591 24
592 65
593 33
594 46
595 17
596 39
597 65
598 47
599 48
600 24
601 63
602 1
603 39
604 47
605 33
606 72
607 66
608 70
609 47
610 46
611 48
612 1
613 61
614 26
615 66
616 66
617 59
618 5
619 63
620 5
621 47
622 48
623 39
624 47
625 17
626 17
627 72
628 65
629 46
630 46
631 5
632 26
633 39
634 46
635 72
636 24
637 33
638 66
639 59
640 24
641 47
642 70
643 66
644 33
645 63
646 5
647 39
648 72
649 39
650 48
651 24
652 1
653 65
654 66
655 26
656 1
657 5
658 72
659 66
660 63
661 47
662 5
663 65
664 46
665 24
666 66
667 46
668 5
669 26
670 63
671 47
672 47
673 72
674 61
675 72
676 46
677 47
678 17
679 39
680 48
681 39
682 48
683 66
684 5
685 48
686 26
687 65
688 70
689 17
690 72
691 24
692 47
693 66
694 24
695 33
696 47
697 48
698 70
699 46
700 47
701 61
702 72
703 24
704 5
705 72
706 61
707 63
708 4
709 1
710 17
711 63
712 5
713 63
714 48
715 33
716 59
717 63
718 65
719 72
720 47
721 65
722 26
723 47
724 70
725 46
726 5
727 48
728 17
729 33
730 63
731 17
732 48
733 24
734 65
735 17
736 59
737 48
738 66
739 33
740 66
741 5
742 66
743 1
744 63
745 59
746 61
747 65
748 26
749 66
750 33
751 24
752 59
753 26
754 59
755 17
756 65
757 39
758 1
759 48
760 66
761 33
762 59
763 39
764 48
765 5
766 26
767 46
768 46
769 46
770 47
771 66
772 65
773 1
774 1
775 46
776 72
777 33
778 65
779 33
780 48
781 63
782 70
783 72
784 59
785 5
786 1
787 48
788 1
789 26
790 66
791 72
792 24
793 47
794 70
795 72
796 5
797 9
798 39
799 17
800 59
