9 29 34 43
12
47
16
64
55
65
80

1 80
2 55
3 47
4 55
5 65
6 12
7 34
8 47
9 16
10 12
11 64
12 65
13 47
14 16
15 65
16 55
17 9
18 47
19 9
20 80
21 55
22 55
23 47
24 80
25 47
26 65
27 65
28 64
29 47
30 47
31 16
32 65
33 16
34 12
35 47
36 64
37 16
38 55
39 43
40 16
41 80
42 47
43 55
44 9
45 80
46 9
47 47
48 80
49 47
50 47
51 9
52 16
53 80
54 16
55 47
56 65
57 12
58 55
59 12
60 47
61 12
62 12
63 12
64 65
65 16
66 16
67 12
68 12
69 16
70 64
71 12
72 12
73 64
74 64
75 12
76 9
77 64
78 65
79 65
80 80
81 64
82 9
83 16
84 65
85 64
86 65
87 16
88 55
89 80
90 12
91 64
92 65
93 55
94 47
95 55
96 64
97 47
98 12
99 47
100 12
101 65
102 34
103 34
104 16
105 80
106 65
107 80
108 9
109 12
110 9
111 80
112 12
113 55
114 80
115 12
116 43
117 9
118 55
119 65
120 34
121 55
122 80
123 47
124 47
125 55
126 12
127 12
128 64
129 55
130 16
131 9
132 65
133 80
134 47
135 65
136 65
137 55
138 55
139 55
140 12
141 55
142 16
143 64
144 80
145 55
146 9
147 9
148 65
149 64
150 80
151 65
152 9
153 16
154 65
155 16
156 64
157 64
158 12
159 12
160 55
161 64
162 9
163 9
164 64
165 80
166 16
167 55
168 64
169 47
170 65
171 80
172 12
173 64
174 64
175 64
176 16
177 16
178 65
179 64
180 65
181 55
182 55
183 55
184 47
185 65
186 16
187 80
188 65
189 12
190 55
191 65
192 80
193 64
194 9
195 16
196 65
197 16
198 64
199 80
200 65
201 12
202 65
203 80
204 16
205 80
206 55
207 9
208 55
209 12
210 16
211 43
212 64
213 47
214 55
215 47
216 80
217 64
218 9
219 65
220 80
221 55
222 55
223 55
224 9
225 64
226 9
227 64
228 9
229 12
230 80
231 47
232 80
233 55
234 55
235 65
236 55
237 64
238 64
239 16
240 64
241 9
242 65
243 12
244 80
245 47
246 16
247 47
248 65
249 65
250 12
251 9
252 9
253 9
254 64
255 47
256 47
257 80
258 12
259 65
260 55
261 64
262 55
263 80
264 80
265 47
266 47
267 9
268 80
269 12
270 9
271 64
272 16
273 16
274 80
275 16
276 16
277 65
278 9
279 64
280 12
281 64
282 64
283 47
284 47
285 47
286 47
287 64
288 64
289 55
290 80
291 64
292 65
293 80
294 65
295 16
296 12
297 47
298 80
299 47
300 12
301 65
302 16
303 9
304 65
305 9
306 47
307 65
308 16
309 16
310 47
311 16
312 34
313 12
314 80
315 12
316 80
317 47
318 55
319 80
320 80
321 64
322 16
323 47
324 80
325 65
326 80
327 47
328 16
329 12
330 55
331 64
332 9
333 64
334 16
335 80
336 64
337 16
338 47
339 80
340 47
341 55
342 55
343 80
344 16
345 12
346 55
347 64
348 47
349 16
350 12
351 9
352 16
353 9
354 47
355 16
356 65
357 12
358 80
359 47
360 9
361 16
362 64
363 12
364 55
365 9
366 16
367 55
368 12
369 29
370 16
371 16
372 64
373 65
374 12
375 47
376 43
377 34
378 65
379 55
380 12
381 55
382 64
383 65
384 9
385 12
386 9
387 80
388 16
389 55
390 12
391 12
392 9
393 55
394 80
395 47
396 65
397 65
398 80
399 64
400 12
