36 58 32 51
12 2
50 44 62
33
76
70
31
78
61
15
45
66
42
60
14
19
23
1
6
69
25
53
43
65
10
79
57
9
18
11
67
22

1 19
2 15
3 23
4 25
5 6
6 14
7 43
8 12
9 19
10 1
11 79
12 2
13 66
14 23
15 45
16 45
17 12
18 42
19 14
20 60
21 25
22 1
23 25
24 1
25 50
26 1
27 50
28 53
29 53
30 50
31 53
32 65
33 43
34 25
35 69
36 65
37 69
38 65
39 1
40 53
41 67
42 36
43 42
44 33
45 33
46 78
47 45
48 23
49 78
50 45
51 69
52 23
53 6
54 14
55 1
56 42
57 23
58 19
59 15
60 53
61 22
62 33
63 33
64 33
65 9
66 76
67 11
68 76
69 22
70 57
71 25
72 25
73 44
74 25
75 53
76 50
77 69
78 53
79 50
80 50
81 23
82 19
83 11
84 67
85 15
86 42
87 18
88 18
89 9
90 15
91 43
92 10
93 10
94 22
95 65
96 18
97 57
98 10
99 43
100 10
101 67
102 60
103 57
104 9
105 22
106 45
107 79
108 79
109 9
110 79
111 1
112 1
113 12
114 66
115 66
116 12
117 66
118 12
119 23
120 6
121 12
122 78
123 23
124 42
125 66
126 66
127 60
128 66
129 76
130 42
131 14
132 11
133 19
134 42
135 14
136 15
137 19
138 9
139 43
140 67
141 76
142 22
143 78
144 42
145 70
146 76
147 23
148 70
149 78
150 15
151 57
152 10
153 65
154 10
155 9
156 18
157 57
158 10
159 11
160 57
161 53
162 43
163 6
164 25
165 69
166 44
167 53
168 50
169 53
170 25
171 11
172 18
173 11
174 18
175 9
176 11
177 14
178 67
179 57
180 67
181 70
182 79
183 70
184 19
185 22
186 14
187 76
188 70
189 76
190 15
191 6
192 1
193 69
194 6
195 6
196 6
197 42
198 1
199 69
200 14
201 11
202 61
203 70
204 79
205 70
206 42
207 61
208 60
209 23
210 15
211 18
212 33
213 11
214 76
215 15
216 11
217 70
218 14
219 70
220 22
221 76
222 15
223 14
224 76
225 23
226 1
227 79
228 45
229 19
230 19
231 76
232 76
233 45
234 78
235 19
236 45
237 61
238 78
239 70
240 9
241 53
242 69
243 23
244 57
245 25
246 25
247 43
248 53
249 65
250 9
251 60
252 66
253 78
254 78
255 36
256 61
257 31
258 33
259 14
260 33
261 60
262 23
263 6
264 12
265 12
266 6
267 12
268 42
269 60
270 15
271 1
272 69
273 25
274 50
275 6
276 23
277 25
278 6
279 6
280 53
281 11
282 11
283 18
284 57
285 22
286 57
287 33
288 51
289 33
290 79
291 22
292 51
293 33
294 22
295 76
296 67
297 9
298 78
299 70
300 33
301 60
302 42
303 76
304 78
305 31
306 78
307 79
308 57
309 70
310 31
311 32
312 58
313 61
314 36
315 58
316 32
317 36
318 58
319 31
320 36
321 33
322 33
323 33
324 33
325 22
326 67
327 78
328 9
329 22
330 76
331 78
332 6
333 12
334 66
335 12
336 12
337 6
338 45
339 6
340 23
341 23
342 70
343 19
344 45
345 66
346 66
347 66
348 12
349 14
350 61
351 78
352 61
353 36
354 31
355 61
356 31
357 31
358 45
359 31
360 36
361 10
362 70
363 79
364 10
365 22
366 65
367 22
368 57
369 9
370 67
371 11
372 67
373 43
374 10
375 79
376 57
377 76
378 10
379 79
380 18
381 57
382 22
383 57
384 65
385 19
386 78
387 11
388 57
389 18
390 22
391 65
392 50
393 43
394 65
395 43
396 57
397 53
398 53
399 53
400 53
401 9
402 60
403 31
404 78
405 42
406 15
407 60
408 67
409 31
410 45
411 19
412 14
413 70
414 61
415 45
416 70
417 15
418 60
419 45
420 60
421 79
422 14
423 65
424 18
425 57
426 22
427 18
428 18
429 43
430 9
431 53
432 50
433 25
434 53
435 50
436 69
437 1
438 25
439 25
440 25
441 76
442 11
443 45
444 70
445 31
446 15
447 14
448 15
449 60
450 19
451 19
452 31
453 78
454 31
455 31
456 67
457 31
458 61
459 31
460 61
461 11
462 22
463 33
464 9
465 57
466 10
467 18
468 51
469 51
470 18
471 79
472 69
473 6
474 6
475 1
476 69
477 1
478 1
479 25
480 69
481 57
482 57
483 57
484 10
485 18
486 22
487 10
488 10
489 9
490 10
491 25
492 69
493 50
494 50
495 69
496 6
497 25
498 25
499 25
500 50
501 67
502 33
503 33
504 51
505 67
506 9
507 33
508 10
509 67
510 51
511 42
512 61
513 45
514 76
515 15
516 2
517 60
518 61
519 61
520 42
521 43
522 65
523 67
524 65
525 43
526 69
527 62
528 65
529 43
530 65
531 6
532 45
533 11
534 60
535 6
536 60
537 1
538 66
539 45
540 78
541 66
542 12
543 12
544 12
545 12
546 12
547 66
548 66
549 1
550 60
551 53
552 65
553 1
554 25
555 43
556 53
557 25
558 53
559 25
560 65
561 45
562 79
563 67
564 67
565 79
566 65
567 19
568 57
569 43
570 57
571 58
572 58
573 36
574 36
575 31
576 31
577 31
578 60
579 78
580 31
581 6
582 1
583 1
584 12
585 12
586 12
587 12
588 12
589 1
590 23
591 19
592 23
593 42
594 9
595 19
596 61
597 42
598 60
599 19
600 23
601 67
602 15
603 45
604 61
605 19
606 15
607 45
608 22
609 76
610 19
611 43
612 62
613 62
614 62
615 43
616 62
617 62
618 65
619 65
620 65
621 78
622 70
623 45
624 76
625 33
626 78
627 42
628 61
629 36
630 70
631 18
632 10
633 67
634 70
635 22
636 9
637 57
638 10
639 33
640 33
641 70
642 65
643 9
644 43
645 79
646 76
647 79
648 11
649 11
650 43
651 23
652 42
653 61
654 66
655 70
656 60
657 45
658 14
659 60
660 45
661 33
662 67
663 22
664 70
665 22
666 11
667 11
668 79
669 18
670 15
671 31
672 15
673 14
674 14
675 79
676 61
677 33
678 11
679 61
680 78
681 43
682 60
683 43
684 23
685 69
686 23
687 69
688 23
689 69
690 19
691 11
692 15
693 42
694 70
695 9
696 42
697 15
698 14
699 18
700 9
701 65
702 65
703 15
704 18
705 62
706 60
707 43
708 18
709 14
710 18
711 31
712 36
713 61
714 66
715 78
716 14
717 31
718 31
719 61
720 31
721 66
722 66
723 66
724 60
725 42
726 66
727 14
728 66
729 23
730 19
731 53
732 1
733 69
734 50
735 69
736 43
737 53
738 69
739 1
740 23
741 69
742 69
743 53
744 50
745 6
746 76
747 6
748 6
749 1
750 69
751 15
752 9
753 79
754 79
755 22
756 67
757 70
758 18
759 11
760 76
761 61
762 61
763 61
764 19
765 45
766 60
767 66
768 78
769 42
770 66
771 19
772 67
773 67
774 15
775 79
776 76
777 9
778 42
779 67
780 14
781 22
782 14
783 42
784 18
785 9
786 79
787 14
788 79
789 11
790 76
791 10
792 18
793 10
794 10
795 65
796 51
797 10
798 10
799 43
800 10
