15 32 7 28
39 49
73 9 77 58
34
36
69
60
54
31
51
19
70
17
47
74
6

1 51
2 77
3 51
4 19
5 51
6 77
7 51
8 77
9 77
10 77
11 51
12 74
13 17
14 19
15 51
16 17
17 51
18 70
19 51
20 70
21 6
22 74
23 74
24 74
25 47
26 36
27 58
28 74
29 47
30 6
31 36
32 6
33 32
34 32
35 36
36 34
37 60
38 34
39 69
40 31
41 60
42 17
43 60
44 51
45 47
46 70
47 51
48 19
49 19
50 17
51 36
52 60
53 60
54 69
55 34
56 47
57 6
58 60
59 70
60 47
61 6
62 7
63 32
64 32
65 32
66 32
67 32
68 32
69 32
70 32
71 36
72 6
73 69
74 34
75 69
76 15
77 34
78 34
79 34
80 6
81 77
82 9
83 17
84 51
85 77
86 9
87 51
88 9
89 9
90 19
91 60
92 6
93 19
94 17
95 17
96 60
97 47
98 17
99 19
100 6
101 73
102 51
103 51
104 73
105 51
106 19
107 51
108 70
109 73
110 51
111 74
112 70
113 34
114 74
115 6
116 74
117 36
118 34
119 47
120 74
121 17
122 70
123 70
124 6
125 17
126 17
127 70
128 70
129 19
130 70
131 39
132 39
133 39
134 39
135 54
136 31
137 39
138 54
139 39
140 49
141 6
142 34
143 34
144 15
145 6
146 34
147 34
148 69
149 36
150 34
151 19
152 31
153 31
154 54
155 51
156 54
157 54
158 19
159 73
160 54
161 60
162 60
163 19
164 6
165 60
166 47
167 47
168 6
169 31
170 36
171 39
172 31
173 70
174 39
175 60
176 54
177 54
178 39
179 69
180 54
181 19
182 19
183 60
184 60
185 19
186 60
187 70
188 70
189 17
190 17
191 49
192 39
193 54
194 39
195 39
196 31
197 73
198 39
199 69
200 39
201 74
202 70
203 36
204 17
205 47
206 47
207 74
208 47
209 74
210 34
211 31
212 54
213 31
214 31
215 31
216 17
217 17
218 60
219 60
220 60
221 36
222 39
223 31
224 19
225 69
226 60
227 28
228 69
229 31
230 39
231 54
232 6
233 6
234 36
235 36
236 36
237 17
238 6
239 36
240 60
241 17
242 70
243 19
244 70
245 19
246 17
247 19
248 47
249 51
250 47
251 69
252 39
253 28
254 31
255 69
256 54
257 31
258 60
259 32
260 54
261 47
262 74
263 74
264 60
265 74
266 74
267 74
268 74
269 47
270 74
271 32
272 69
273 28
274 6
275 69
276 31
277 54
278 54
279 54
280 60
281 31
282 39
283 31
284 31
285 31
286 73
287 54
288 31
289 39
290 31
291 36
292 32
293 36
294 36
295 34
296 36
297 32
298 32
299 36
300 69
301 31
302 54
303 69
304 47
305 60
306 6
307 19
308 17
309 69
310 6
311 32
312 32
313 34
314 32
315 34
316 69
317 32
318 32
319 32
320 34
321 34
322 69
323 34
324 6
325 6
326 34
327 36
328 32
329 69
330 34
331 70
332 60
333 36
334 6
335 60
336 47
337 6
338 6
339 34
340 34
341 19
342 6
343 17
344 51
345 70
346 54
347 54
348 54
349 54
350 31
351 69
352 60
353 6
354 36
355 60
356 36
357 60
358 70
359 36
360 6
361 54
362 69
363 69
364 34
365 69
366 17
367 36
368 31
369 6
370 47
371 69
372 31
373 54
374 69
375 54
376 54
377 54
378 54
379 69
380 54
381 39
382 69
383 39
384 39
385 39
386 60
387 39
388 39
389 39
390 39
391 47
392 51
393 77
394 74
395 47
396 77
397 77
398 17
399 77
400 47
401 39
402 31
403 39
404 54
405 54
406 31
407 54
408 54
409 39
410 39
411 77
412 74
413 74
414 70
415 51
416 17
417 17
418 47
419 19
420 17
421 36
422 17
423 60
424 17
425 47
426 47
427 47
428 17
429 6
430 74
431 34
432 15
433 6
434 34
435 34
436 34
437 34
438 15
439 34
440 34
441 34
442 36
443 34
444 36
445 69
446 32
447 69
448 36
449 69
450 36
451 54
452 39
453 39
454 69
455 69
456 39
457 39
458 31
459 39
460 39
461 70
462 47
463 60
464 70
465 17
466 47
467 60
468 36
469 17
470 60
471 6
472 51
473 47
474 74
475 47
476 77
477 47
478 47
479 74
480 17
481 54
482 31
483 19
484 54
485 73
486 31
487 31
488 39
489 17
490 54
491 19
492 19
493 19
494 17
495 31
496 19
497 19
498 70
499 70
500 70
501 60
502 51
503 51
504 70
505 51
506 51
507 19
508 51
509 19
510 51
511 34
512 69
513 32
514 34
515 34
516 69
517 32
518 32
519 60
520 60
521 58
522 58
523 74
524 58
525 74
526 74
527 74
528 58
529 58
530 74
531 60
532 70
533 69
534 54
535 19
536 36
537 54
538 6
539 31
540 69
541 69
542 69
543 36
544 69
545 34
546 6
547 69
548 32
549 69
550 34
551 60
552 70
553 47
554 19
555 17
556 74
557 74
558 47
559 74
560 51
561 47
562 6
563 70
564 60
565 60
566 17
567 70
568 70
569 31
570 70
571 74
572 74
573 74
574 74
575 74
576 6
577 74
578 47
579 58
580 74
581 47
582 17
583 36
584 34
585 47
586 34
587 34
588 47
589 19
590 70
591 6
592 31
593 36
594 70
595 54
596 19
597 31
598 17
599 70
600 17
601 31
602 70
603 49
604 54
605 31
606 73
607 60
608 73
609 31
610 31
611 74
612 47
613 47
614 77
615 47
616 77
617 6
618 74
619 74
620 74
621 51
622 70
623 17
624 73
625 51
626 51
627 70
628 73
629 77
630 70
631 32
632 32
633 6
634 32
635 32
636 32
637 32
638 34
639 34
640 32
641 69
642 32
643 36
644 32
645 69
646 36
647 32
648 32
649 69
650 6
651 54
652 6
653 39
654 32
655 36
656 31
657 69
658 32
659 69
660 32
661 36
662 34
663 74
664 19
665 6
666 19
667 36
668 6
669 19
670 47
671 51
672 51
673 70
674 51
675 51
676 77
677 51
678 51
679 9
680 51
681 6
682 36
683 60
684 17
685 36
686 54
687 54
688 6
689 31
690 17
691 36
692 70
693 19
694 70
695 17
696 36
697 17
698 6
699 19
700 6
701 39
702 39
703 39
704 39
705 31
706 31
707 54
708 39
709 39
710 36
711 49
712 51
713 19
714 54
715 70
716 17
717 70
718 70
719 51
720 73
721 19
722 73
723 73
724 70
725 73
726 51
727 73
728 31
729 51
730 51
731 74
732 47
733 36
734 17
735 74
736 74
737 17
738 74
739 47
740 34
741 34
742 15
743 47
744 47
745 17
746 47
747 34
748 47
749 58
750 34
751 60
752 19
753 6
754 47
755 6
756 19
757 51
758 51
759 70
760 51
761 77
762 19
763 51
764 74
765 77
766 77
767 70
768 51
769 77
770 60
771 54
772 19
773 19
774 31
775 36
776 60
777 36
778 60
779 31
780 69
781 36
782 69
783 60
784 54
785 36
786 39
787 31
788 54
789 19
790 69
791 19
792 70
793 69
794 60
795 19
796 17
797 19
798 31
799 17
800 60
