31 30 15 28
43 38 17 4
48 72 36 33 53
52 32 59
74 68 16 57 50 45
71
37
40
64
21
58
1
22
5
2
23
77
66
18
3
62
69
6
26
63
49
27
25
42
51
54
14

1 1
2 30
3 22
4 1
5 1
6 22
7 1
8 1
9 1
10 1
11 5
12 2
13 2
14 5
15 21
16 2
17 5
18 45
19 5
20 21
21 3
22 3
23 6
24 3
25 3
26 3
27 6
28 6
29 3
30 69
31 4
32 3
33 3
34 69
35 3
36 3
37 69
38 3
39 3
40 69
41 2
42 2
43 5
44 5
45 2
46 77
47 2
48 2
49 2
50 5
51 21
52 42
53 6
54 6
55 21
56 42
57 6
58 6
59 21
60 6
61 21
62 21
63 42
64 21
65 58
66 21
67 58
68 21
69 58
70 58
71 26
72 51
73 51
74 51
75 49
76 51
77 26
78 49
79 54
80 51
81 22
82 5
83 22
84 22
85 5
86 2
87 5
88 22
89 22
90 5
91 6
92 51
93 51
94 49
95 51
96 63
97 63
98 63
99 26
100 51
101 71
102 14
103 32
104 32
105 32
106 32
107 71
108 32
109 71
110 32
111 43
112 77
113 23
114 23
115 23
116 23
117 2
118 23
119 2
120 23
121 69
122 3
123 69
124 69
125 69
126 3
127 69
128 3
129 62
130 3
131 14
132 14
133 14
134 14
135 14
136 14
137 71
138 14
139 14
140 14
141 15
142 15
143 15
144 15
145 15
146 15
147 15
148 15
149 15
150 15
151 37
152 16
153 37
154 16
155 16
156 37
157 37
158 16
159 37
160 16
161 17
162 17
163 62
164 62
165 62
166 62
167 18
168 62
169 17
170 62
171 18
172 18
173 18
174 18
175 18
176 66
177 18
178 18
179 18
180 18
181 77
182 66
183 77
184 66
185 66
186 23
187 38
188 66
189 66
190 66
191 42
192 42
193 52
194 42
195 14
196 42
197 59
198 51
199 42
200 63
201 21
202 6
203 6
204 21
205 6
206 58
207 6
208 21
209 58
210 21
211 5
212 22
213 22
214 31
215 1
216 22
217 22
218 22
219 22
220 22
221 77
222 23
223 5
224 5
225 23
226 23
227 77
228 2
229 77
230 77
231 18
232 18
233 18
234 18
235 18
236 66
237 18
238 18
239 66
240 18
241 25
242 25
243 25
244 27
245 25
246 25
247 25
248 25
249 25
250 25
251 26
252 26
253 63
254 48
255 63
256 49
257 26
258 26
259 26
260 42
261 49
262 49
263 27
264 49
265 51
266 49
267 51
268 49
269 27
270 49
271 28
272 77
273 28
274 5
275 28
276 28
277 28
278 28
279 28
280 15
281 77
282 2
283 77
284 2
285 23
286 77
287 43
288 77
289 5
290 77
291 1
292 1
293 1
294 30
295 22
296 22
297 22
298 30
299 1
300 1
301 1
302 1
303 22
304 22
305 22
306 22
307 31
308 31
309 22
310 22
311 71
312 32
313 32
314 32
315 14
316 32
317 71
318 71
319 32
320 71
321 25
322 33
323 54
324 54
325 25
326 33
327 54
328 33
329 33
330 25
331 1
332 50
333 64
334 64
335 1
336 64
337 1
338 64
339 64
340 50
341 26
342 27
343 51
344 27
345 26
346 49
347 27
348 26
349 63
350 26
351 27
352 36
353 27
354 25
355 27
356 72
357 25
358 25
359 27
360 36
361 37
362 37
363 37
364 37
365 37
366 37
367 37
368 37
369 37
370 37
371 66
372 43
373 66
374 23
375 66
376 66
377 66
378 66
379 66
380 66
381 69
382 26
383 48
384 48
385 4
386 69
387 26
388 3
389 3
390 26
391 40
392 40
393 40
394 40
395 40
396 40
397 40
398 40
399 40
400 40
401 72
402 27
403 49
404 26
405 26
406 26
407 51
408 26
409 27
410 26
411 42
412 6
413 6
414 6
415 42
416 42
417 63
418 63
419 42
420 21
421 43
422 66
423 43
424 43
425 43
426 43
427 43
428 43
429 43
430 43
431 59
432 58
433 40
434 40
435 40
436 40
437 40
438 58
439 40
440 58
441 58
442 21
443 22
444 22
445 58
446 58
447 58
448 21
449 58
450 58
451 62
452 69
453 62
454 69
455 69
456 18
457 17
458 62
459 62
460 17
461 54
462 51
463 49
464 54
465 27
466 27
467 49
468 51
469 49
470 49
471 48
472 48
473 26
474 69
475 3
476 48
477 69
478 26
479 48
480 48
481 49
482 27
483 51
484 51
485 49
486 51
487 51
488 63
489 51
490 51
491 64
492 50
493 64
494 64
495 50
496 64
497 64
498 50
499 64
500 40
501 63
502 63
503 63
504 63
505 63
506 51
507 63
508 49
509 63
510 51
511 42
512 21
513 42
514 52
515 42
516 6
517 42
518 59
519 21
520 6
521 54
522 54
523 54
524 54
525 54
526 54
527 54
528 54
529 54
530 54
531 53
532 14
533 14
534 14
535 27
536 54
537 54
538 54
539 54
540 54
541 27
542 33
543 49
544 27
545 27
546 14
547 33
548 33
549 49
550 27
551 64
552 64
553 64
554 30
555 1
556 1
557 1
558 64
559 1
560 1
561 37
562 16
563 16
564 16
565 57
566 37
567 37
568 37
569 37
570 37
571 58
572 58
573 58
574 6
575 21
576 21
577 58
578 58
579 58
580 58
581 59
582 59
583 59
584 59
585 59
586 59
587 59
588 59
589 40
590 59
591 14
592 14
593 14
594 14
595 33
596 14
597 14
598 14
599 14
600 54
601 23
602 23
603 77
604 77
605 2
606 23
607 23
608 77
609 23
610 77
611 69
612 3
613 62
614 62
615 62
616 62
617 62
618 69
619 62
620 62
621 42
622 63
623 42
624 63
625 6
626 6
627 63
628 42
629 42
630 6
631 40
632 40
633 64
634 64
635 64
636 64
637 50
638 64
639 40
640 64
641 17
642 62
643 17
644 62
645 62
646 69
647 62
648 17
649 62
650 62
651 23
652 77
653 66
654 66
655 66
656 38
657 23
658 66
659 66
660 23
661 77
662 5
663 23
664 23
665 5
666 43
667 5
668 23
669 23
670 23
671 16
672 16
673 16
674 71
675 16
676 37
677 74
678 37
679 71
680 68
681 69
682 69
683 3
684 3
685 69
686 69
687 3
688 69
689 3
690 3
691 58
692 58
693 58
694 6
695 21
696 6
697 2
698 21
699 21
700 21
701 71
702 71
703 71
704 37
705 74
706 71
707 71
708 71
709 74
710 71
711 48
712 26
713 27
714 49
715 72
716 49
717 26
718 72
719 72
720 26
721 2
722 5
723 2
724 5
725 5
726 2
727 5
728 6
729 5
730 2
731 71
732 71
733 71
734 71
735 37
736 71
737 71
738 16
739 71
740 71
741 25
742 25
743 25
744 25
745 25
746 25
747 25
748 25
749 25
750 25
751 18
752 18
753 66
754 18
755 18
756 62
757 18
758 18
759 69
760 66
761 77
762 2
763 2
764 77
765 2
766 77
767 5
768 2
769 77
770 77
771 40
772 1
773 64
774 40
775 64
776 40
777 64
778 64
779 40
780 1
781 27
782 54
783 49
784 27
785 14
786 27
787 54
788 49
789 54
790 27
791 63
792 63
793 42
794 42
795 63
796 42
797 51
798 63
799 63
800 42
