64 23 33
43 63 27 52
14 30 65
57 76
42
19 48 9 3 55 1 46
25 8
67 6 29 54
49 13 5 72
79 70
26 44 20 53
21
39
50
32
12
38

1 46
2 46
3 57
4 1
5 46
6 57
7 57
8 57
9 57
10 46
11 12
12 12
13 12
14 12
15 12
16 67
17 67
18 12
19 54
20 54
21 3
22 3
23 3
24 3
25 3
26 3
27 3
28 3
29 3
30 3
31 12
32 12
33 12
34 12
35 12
36 12
37 12
38 12
39 12
40 12
41 13
42 13
43 13
44 38
45 13
46 13
47 5
48 13
49 13
50 13
51 12
52 29
53 6
54 29
55 29
56 12
57 12
58 29
59 12
60 12
61 27
62 27
63 27
64 27
65 27
66 50
67 27
68 27
69 27
70 27
71 25
72 8
73 8
74 25
75 21
76 8
77 21
78 19
79 8
80 21
81 48
82 57
83 42
84 42
85 57
86 42
87 42
88 42
89 9
90 42
91 27
92 14
93 27
94 27
95 27
96 14
97 27
98 14
99 14
100 43
101 39
102 79
103 79
104 5
105 79
106 39
107 39
108 79
109 38
110 5
111 12
112 54
113 54
114 12
115 54
116 12
117 12
118 12
119 29
120 12
121 13
122 13
123 13
124 13
125 13
126 13
127 13
128 13
129 13
130 13
131 14
132 14
133 14
134 14
135 14
136 14
137 14
138 14
139 14
140 14
141 20
142 23
143 23
144 20
145 20
146 23
147 20
148 20
149 20
150 20
151 50
152 50
153 50
154 43
155 32
156 32
157 50
158 50
159 14
160 50
161 38
162 26
163 38
164 12
165 13
166 38
167 38
168 13
169 38
170 38
171 54
172 12
173 12
174 38
175 49
176 12
177 38
178 38
179 38
180 38
181 19
182 21
183 19
184 19
185 21
186 19
187 19
188 19
189 19
190 19
191 20
192 20
193 44
194 20
195 20
196 20
197 20
198 44
199 20
200 20
201 21
202 21
203 21
204 21
205 21
206 21
207 32
208 21
209 21
210 21
211 63
212 63
213 27
214 63
215 63
216 63
217 63
218 27
219 27
220 63
221 23
222 23
223 23
224 23
225 50
226 23
227 23
228 23
229 23
230 50
231 13
232 38
233 5
234 38
235 38
236 38
237 13
238 38
239 38
240 38
241 25
242 25
243 25
244 25
245 25
246 25
247 25
248 25
249 25
250 25
251 39
252 39
253 26
254 39
255 39
256 39
257 79
258 39
259 39
260 38
261 27
262 27
263 27
264 14
265 27
266 27
267 27
268 27
269 50
270 27
271 25
272 49
273 8
274 49
275 49
276 49
277 25
278 25
279 49
280 25
281 29
282 29
283 29
284 29
285 29
286 29
287 29
288 29
289 29
290 29
291 14
292 14
293 30
294 14
295 14
296 14
297 14
298 14
299 14
300 14
301 23
302 27
303 50
304 33
305 50
306 23
307 33
308 50
309 33
310 23
311 43
312 32
313 32
314 32
315 32
316 65
317 32
318 52
319 32
320 32
321 50
322 33
323 33
324 33
325 33
326 33
327 33
328 33
329 33
330 23
331 12
332 12
333 12
334 12
335 12
336 12
337 12
338 12
339 12
340 12
341 79
342 13
343 13
344 79
345 79
346 79
347 5
348 79
349 79
350 13
351 57
352 57
353 57
354 57
355 57
356 57
357 57
358 57
359 55
360 57
361 54
362 54
363 38
364 38
365 38
366 13
367 38
368 38
369 13
370 38
371 38
372 38
373 38
374 26
375 39
376 26
377 38
378 38
379 38
380 38
381 39
382 39
383 39
384 39
385 39
386 39
387 39
388 39
389 39
390 39
391 39
392 39
393 21
394 21
395 21
396 21
397 39
398 21
399 39
400 21
401 50
402 50
403 50
404 50
405 50
406 50
407 50
408 50
409 50
410 27
411 42
412 42
413 42
414 42
415 42
416 42
417 42
418 42
419 42
420 42
421 32
422 32
423 32
424 32
425 32
426 14
427 32
428 32
429 32
430 32
431 44
432 44
433 39
434 44
435 44
436 44
437 44
438 44
439 44
440 44
441 79
442 79
443 26
444 39
445 79
446 44
447 39
448 79
449 39
450 39
451 46
452 46
453 46
454 46
455 46
456 46
457 46
458 46
459 46
460 46
461 79
462 79
463 79
464 79
465 79
466 79
467 79
468 79
469 79
470 79
471 48
472 42
473 42
474 42
475 42
476 42
477 42
478 48
479 42
480 42
481 49
482 12
483 49
484 49
485 25
486 49
487 25
488 12
489 38
490 12
491 50
492 50
493 50
494 50
495 50
496 50
497 50
498 50
499 50
500 50
501 32
502 32
503 32
504 32
505 32
506 32
507 32
508 32
509 32
510 32
511 43
512 32
513 32
514 32
515 32
516 32
517 32
518 32
519 32
520 32
521 21
522 21
523 21
524 53
525 53
526 21
527 53
528 53
529 53
530 21
531 54
532 29
533 13
534 54
535 12
536 49
537 13
538 12
539 12
540 13
541 3
542 57
543 57
544 57
545 57
546 57
547 57
548 3
549 57
550 3
551 67
552 25
553 46
554 67
555 46
556 67
557 67
558 67
559 67
560 67
561 57
562 57
563 57
564 57
565 57
566 57
567 57
568 57
569 57
570 57
571 25
572 25
573 25
574 76
575 25
576 25
577 25
578 25
579 25
580 25
581 39
582 44
583 53
584 53
585 39
586 39
587 39
588 39
589 53
590 39
591 38
592 38
593 38
594 38
595 26
596 39
597 26
598 38
599 38
600 38
601 79
602 44
603 44
604 79
605 79
606 70
607 79
608 39
609 79
610 79
611 42
612 42
613 42
614 42
615 42
616 76
617 42
618 76
619 42
620 42
621 63
622 63
623 63
624 63
625 63
626 63
627 63
628 63
629 63
630 27
631 50
632 64
633 64
634 50
635 50
636 50
637 50
638 50
639 50
640 50
641 65
642 32
643 32
644 65
645 32
646 19
647 14
648 32
649 65
650 32
651 23
652 23
653 23
654 23
655 23
656 23
657 23
658 23
659 23
660 23
661 67
662 12
663 67
664 67
665 67
666 67
667 67
668 67
669 67
670 12
671 14
672 14
673 14
674 14
675 14
676 14
677 30
678 30
679 14
680 14
681 19
682 32
683 21
684 19
685 32
686 32
687 32
688 21
689 21
690 32
691 79
692 79
693 70
694 79
695 79
696 70
697 44
698 70
699 70
700 44
701 57
702 57
703 57
704 55
705 57
706 57
707 42
708 57
709 57
710 57
711 21
712 72
713 21
714 8
715 21
716 39
717 21
718 39
719 21
720 39
721 39
722 39
723 39
724 39
725 39
726 44
727 39
728 39
729 39
730 39
731 42
732 19
733 19
734 32
735 42
736 32
737 42
738 42
739 42
740 65
741 12
742 25
743 67
744 25
745 67
746 67
747 25
748 67
749 67
750 25
751 42
752 42
753 76
754 42
755 25
756 76
757 42
758 42
759 42
760 76
761 38
762 38
763 38
764 38
765 38
766 13
767 38
768 13
769 38
770 38
771 50
772 50
773 50
774 14
775 50
776 50
777 50
778 50
779 50
780 50
781 79
782 79
783 79
784 79
785 79
786 79
787 79
788 79
789 79
790 79
791 23
792 23
793 23
794 23
795 23
796 20
797 23
798 23
799 64
800 64
