43 34 29 9
12
47
16
64
55
65
80

1 16
2 80
3 64
4 80
5 64
6 80
7 65
8 65
9 12
10 47
11 16
12 80
13 12
14 16
15 65
16 64
17 80
18 80
19 34
20 34
21 16
22 34
23 55
24 64
25 65
26 12
27 34
28 47
29 64
30 80
31 16
32 64
33 47
34 47
35 47
36 55
37 12
38 34
39 43
40 12
41 34
42 64
43 47
44 9
45 47
46 9
47 80
48 80
49 64
50 65
51 47
52 16
53 16
54 34
55 16
56 16
57 12
58 47
59 80
60 16
61 12
62 64
63 12
64 64
65 65
66 80
67 47
68 16
69 16
70 55
71 64
72 65
73 64
74 12
75 47
76 65
77 12
78 65
79 65
80 55
81 55
82 64
83 55
84 47
85 80
86 65
87 64
88 55
89 65
90 80
91 65
92 16
93 64
94 12
95 47
96 64
97 64
98 47
99 80
100 65
101 80
102 34
103 34
104 80
105 55
106 16
107 55
108 12
109 34
110 34
111 65
112 47
113 34
114 47
115 47
116 43
117 55
118 65
119 80
120 34
121 80
122 55
123 34
124 16
125 47
126 64
127 16
128 55
129 55
130 64
131 12
132 80
133 64
134 12
135 64
136 43
137 16
138 16
139 55
140 64
141 12
142 65
143 55
144 55
145 80
146 16
147 47
148 12
149 47
150 64
151 47
152 16
153 65
154 65
155 64
156 64
157 47
158 34
159 65
160 65
161 12
162 80
163 55
164 80
165 16
166 47
167 12
168 16
169 64
170 12
171 80
172 16
173 16
174 34
175 12
176 12
177 55
178 16
179 80
180 80
181 55
182 43
183 65
184 12
185 16
186 16
187 12
188 12
189 47
190 55
191 55
192 16
193 55
194 80
195 64
196 16
197 55
198 34
199 64
200 64
201 55
202 12
203 80
204 64
205 80
206 65
207 80
208 34
209 47
210 47
211 43
212 47
213 16
214 12
215 64
216 64
217 80
218 9
219 64
220 80
221 55
222 80
223 12
224 12
225 47
226 65
227 47
228 64
229 80
230 16
231 12
232 80
233 65
234 55
235 65
236 16
237 55
238 64
239 47
240 16
241 12
242 55
243 16
244 16
245 47
246 55
247 12
248 12
249 80
250 34
251 34
252 12
253 55
254 47
255 55
256 16
257 47
258 34
259 55
260 55
261 64
262 12
263 64
264 64
265 55
266 16
267 47
268 64
269 47
270 12
271 64
272 64
273 34
274 65
275 65
276 80
277 55
278 65
279 64
280 55
281 64
282 47
283 55
284 80
285 12
286 34
287 12
288 80
289 80
290 47
291 55
292 65
293 12
294 65
295 34
296 16
297 12
298 80
299 80
300 64
301 16
302 65
303 16
304 12
305 34
306 12
307 65
308 12
309 65
310 34
311 47
312 34
313 65
314 16
315 16
316 80
317 12
318 80
319 16
320 16
321 55
322 65
323 65
324 55
325 55
326 34
327 55
328 47
329 34
330 80
331 80
332 55
333 47
334 55
335 34
336 47
337 65
338 34
339 64
340 47
341 43
342 12
343 12
344 12
345 47
346 12
347 16
348 80
349 55
350 55
351 16
352 65
353 34
354 34
355 55
356 55
357 65
358 47
359 80
360 9
361 65
362 47
363 65
364 80
365 9
366 47
367 12
368 12
369 29
370 80
371 16
372 34
373 16
374 64
375 12
376 43
377 64
378 65
379 55
380 64
381 16
382 65
383 47
384 55
385 16
386 34
387 47
388 47
389 65
390 65
391 65
392 65
393 65
394 64
395 47
396 64
397 65
398 43
399 34
400 80
