65 34 47
52
13
55
1
44
60
16
15
29
57
17
69
66
23
2

1 66
2 2
3 1
4 69
5 16
6 15
7 23
8 57
9 60
10 69
11 2
12 29
13 17
14 47
15 47
16 57
17 2
18 1
19 16
20 23
21 15
22 57
23 16
24 13
25 55
26 15
27 23
28 23
29 16
30 44
31 1
32 17
33 47
34 55
35 23
36 2
37 34
38 16
39 1
40 57
41 57
42 17
43 57
44 23
45 34
46 60
47 55
48 69
49 52
50 69
51 1
52 55
53 17
54 17
55 44
56 66
57 23
58 29
59 29
60 66
61 15
62 57
63 16
64 44
65 55
66 52
67 57
68 69
69 52
70 69
71 44
72 57
73 57
74 69
75 23
76 23
77 29
78 57
79 69
80 23
81 57
82 66
83 29
84 2
85 15
86 34
87 17
88 15
89 52
90 55
91 13
92 55
93 47
94 17
95 55
96 15
97 17
98 1
99 44
100 15
101 60
102 2
103 23
104 16
105 2
106 16
107 13
108 29
109 60
110 2
111 44
112 13
113 2
114 66
115 2
116 60
117 17
118 2
119 60
120 15
121 66
122 65
123 52
124 60
125 66
126 52
127 52
128 17
129 60
130 44
131 47
132 2
133 60
134 29
135 2
136 69
137 1
138 57
139 23
140 23
141 52
142 52
143 55
144 57
145 17
146 66
147 17
148 13
149 2
150 66
151 23
152 66
153 44
154 52
155 44
156 23
157 29
158 13
159 29
160 57
161 52
162 29
163 55
164 34
165 16
166 34
167 60
168 15
169 13
170 57
171 13
172 23
173 16
174 55
175 1
176 66
177 16
178 60
179 69
180 47
181 47
182 17
183 29
184 55
185 52
186 17
187 60
188 47
189 55
190 2
191 66
192 55
193 69
194 15
195 66
196 15
197 17
198 15
199 69
200 55
201 17
202 16
203 55
204 65
205 29
206 55
207 60
208 17
209 66
210 1
211 23
212 57
213 16
214 44
215 57
216 55
217 52
218 15
219 57
220 29
221 52
222 29
223 16
224 2
225 66
226 17
227 47
228 44
229 13
230 60
231 15
232 55
233 29
234 1
235 15
236 23
237 13
238 23
239 47
240 23
241 44
242 52
243 69
244 17
245 17
246 23
247 52
248 34
249 55
250 15
251 60
252 69
253 52
254 66
255 16
256 60
257 69
258 66
259 57
260 44
261 60
262 44
263 29
264 57
265 52
266 15
267 15
268 60
269 66
270 2
271 44
272 60
273 2
274 16
275 52
276 17
277 66
278 44
279 2
280 29
281 1
282 57
283 57
284 16
285 44
286 44
287 44
288 52
289 16
290 2
291 13
292 52
293 15
294 29
295 44
296 13
297 16
298 1
299 69
300 15
301 23
302 60
303 17
304 29
305 23
306 13
307 29
308 69
309 16
310 69
311 47
312 17
313 44
314 60
315 13
316 52
317 13
318 55
319 55
320 16
321 69
322 55
323 1
324 69
325 44
326 15
327 29
328 1
329 29
330 44
331 23
332 13
333 13
334 2
335 1
336 52
337 1
338 66
339 66
340 13
341 15
342 17
343 1
344 69
345 57
346 69
347 15
348 52
349 47
350 16
351 1
352 47
353 1
354 60
355 16
356 47
357 1
358 66
359 29
360 15
361 13
362 2
363 13
364 2
365 29
366 1
367 13
368 69
369 47
370 13
371 57
372 60
373 69
374 29
375 1
376 69
377 16
378 1
379 47
380 47
381 55
382 13
383 66
384 23
385 13
386 13
387 16
388 1
389 60
390 44
391 52
392 44
393 17
394 2
395 55
396 66
397 66
398 2
399 60
400 1
