65 34 47
52
13
55
1
44
60
16
15
29
57
17
69
66
23
2

1 16
2 23
3 55
4 69
5 16
6 60
7 15
8 55
9 55
10 2
11 47
12 52
13 2
14 66
15 47
16 60
17 15
18 52
19 15
20 55
21 60
22 44
23 52
24 69
25 23
26 66
27 69
28 17
29 2
30 47
31 29
32 2
33 52
34 2
35 2
36 23
37 34
38 15
39 66
40 23
41 66
42 13
43 34
44 2
45 34
46 60
47 17
48 44
49 1
50 55
51 47
52 1
53 23
54 15
55 13
56 57
57 55
58 69
59 15
60 13
61 52
62 13
63 66
64 44
65 1
66 55
67 2
68 57
69 55
70 57
71 69
72 29
73 13
74 16
75 17
76 60
77 17
78 52
79 1
80 15
81 55
82 2
83 17
84 1
85 2
86 34
87 13
88 55
89 13
90 29
91 23
92 13
93 66
94 66
95 16
96 29
97 16
98 2
99 52
100 69
101 57
102 1
103 60
104 66
105 55
106 16
107 29
108 23
109 57
110 17
111 69
112 16
113 66
114 60
115 29
116 66
117 1
118 1
119 15
120 17
121 29
122 65
123 15
124 29
125 47
126 16
127 17
128 44
129 13
130 44
131 16
132 55
133 52
134 13
135 60
136 1
137 57
138 29
139 23
140 17
141 23
142 44
143 52
144 52
145 57
146 23
147 55
148 66
149 66
150 17
151 23
152 13
153 57
154 47
155 17
156 69
157 17
158 15
159 29
160 2
161 17
162 55
163 17
164 57
165 13
166 34
167 44
168 60
169 1
170 44
171 23
172 13
173 44
174 15
175 16
176 44
177 17
178 66
179 23
180 57
181 47
182 13
183 2
184 52
185 52
186 60
187 60
188 2
189 23
190 13
191 52
192 44
193 2
194 69
195 2
196 2
197 23
198 44
199 52
200 17
201 66
202 16
203 57
204 65
205 60
206 29
207 57
208 69
209 44
210 17
211 29
212 15
213 57
214 1
215 13
216 1
217 47
218 44
219 60
220 16
221 66
222 23
223 23
224 57
225 29
226 17
227 47
228 69
229 15
230 17
231 13
232 16
233 1
234 66
235 55
236 55
237 69
238 16
239 47
240 29
241 44
242 2
243 55
244 13
245 57
246 60
247 69
248 34
249 17
250 60
251 16
252 23
253 57
254 44
255 17
256 60
257 55
258 15
259 52
260 66
261 23
262 44
263 2
264 15
265 44
266 13
267 55
268 13
269 29
270 29
271 15
272 69
273 69
274 29
275 13
276 52
277 1
278 60
279 60
280 15
281 57
282 16
283 16
284 1
285 15
286 66
287 52
288 57
289 57
290 69
291 55
292 23
293 1
294 2
295 16
296 57
297 2
298 52
299 57
300 60
301 1
302 55
303 52
304 16
305 2
306 15
307 17
308 16
309 13
310 29
311 52
312 47
313 44
314 47
315 66
316 13
317 66
318 55
319 57
320 29
321 47
322 1
323 16
324 69
325 23
326 2
327 29
328 17
329 57
330 29
331 15
332 16
333 69
334 1
335 60
336 15
337 55
338 1
339 23
340 69
341 69
342 17
343 60
344 69
345 60
346 1
347 17
348 1
349 1
350 66
351 69
352 47
353 69
354 29
355 52
356 47
357 44
358 16
359 57
360 66
361 69
362 52
363 16
364 52
365 60
366 52
367 13
368 1
369 23
370 66
371 60
372 2
373 57
374 15
375 44
376 1
377 69
378 66
379 47
380 47
381 2
382 15
383 13
384 55
385 44
386 15
387 15
388 44
389 44
390 29
391 66
392 16
393 23
394 60
395 23
396 52
397 29
398 55
399 44
400 29
