66 7 55 21
74
37
23
12
52
79
5
54
26
25
1
68
15
28
17
71
63
31
77
27
49
48
58
4
29
60
32
73
6
72
24

1 15
2 58
3 79
4 25
5 73
6 72
7 63
8 79
9 27
10 25
11 72
12 25
13 52
14 31
15 73
16 26
17 63
18 4
19 1
20 49
21 73
22 74
23 54
24 52
25 68
26 32
27 77
28 17
29 52
30 49
31 72
32 77
33 24
34 60
35 28
36 6
37 31
38 15
39 17
40 71
41 68
42 60
43 49
44 23
45 31
46 54
47 73
48 68
49 6
50 7
51 49
52 6
53 63
54 32
55 77
56 52
57 74
58 73
59 1
60 1
61 4
62 26
63 23
64 37
65 54
66 68
67 52
68 12
69 68
70 31
71 60
72 6
73 79
74 23
75 37
76 29
77 52
78 74
79 79
80 79
81 7
82 23
83 63
84 31
85 5
86 71
87 79
88 27
89 37
90 26
91 32
92 31
93 49
94 15
95 28
96 52
97 60
98 26
99 1
100 73
101 37
102 17
103 7
104 79
105 54
106 7
107 49
108 58
109 25
110 4
111 32
112 6
113 24
114 5
115 27
116 12
117 37
118 37
119 29
120 63
121 12
122 48
123 48
124 29
125 74
126 5
127 48
128 37
129 6
130 23
131 71
132 58
133 1
134 49
135 60
136 72
137 37
138 24
139 48
140 71
141 32
142 23
143 72
144 48
145 58
146 26
147 54
148 32
149 26
150 15
151 31
152 27
153 29
154 15
155 68
156 48
157 71
158 26
159 1
160 15
161 60
162 28
163 4
164 1
165 54
166 63
167 28
168 1
169 15
170 37
171 17
172 74
173 68
174 54
175 74
176 25
177 6
178 60
179 58
180 49
181 72
182 60
183 6
184 37
185 4
186 66
187 26
188 74
189 23
190 15
191 21
192 68
193 12
194 58
195 77
196 12
197 17
198 74
199 17
200 12
201 23
202 74
203 48
204 28
205 49
206 74
207 25
208 26
209 17
210 58
211 49
212 24
213 48
214 77
215 77
216 29
217 74
218 24
219 58
220 54
221 28
222 63
223 31
224 73
225 52
226 71
227 17
228 27
229 12
230 12
231 28
232 72
233 12
234 49
235 1
236 72
237 6
238 63
239 48
240 73
241 28
242 4
243 27
244 73
245 5
246 71
247 72
248 7
249 5
250 27
251 26
252 54
253 6
254 77
255 60
256 60
257 7
258 37
259 54
260 7
261 52
262 26
263 37
264 17
265 17
266 17
267 24
268 23
269 58
270 17
271 63
272 26
273 25
274 1
275 37
276 77
277 79
278 37
279 71
280 58
281 21
282 12
283 49
284 17
285 1
286 73
287 23
288 63
289 72
290 24
291 58
292 58
293 79
294 15
295 26
296 12
297 27
298 12
299 28
300 26
301 26
302 25
303 17
304 54
305 71
306 48
307 68
308 49
309 73
310 52
311 23
312 79
313 12
314 52
315 29
316 79
317 31
318 77
319 54
320 48
321 63
322 6
323 49
324 71
325 63
326 25
327 6
328 31
329 54
330 25
331 54
332 5
333 12
334 32
335 29
336 73
337 32
338 27
339 31
340 54
341 77
342 1
343 7
344 79
345 5
346 25
347 23
348 24
349 29
350 68
351 60
352 25
353 72
354 54
355 71
356 60
357 15
358 79
359 60
360 6
361 5
362 68
363 74
364 5
365 32
366 7
367 29
368 4
369 63
370 68
371 24
372 68
373 73
374 77
375 71
376 21
377 17
378 71
379 21
380 24
381 28
382 66
383 5
384 48
385 7
386 74
387 28
388 26
389 29
390 4
391 4
392 5
393 21
394 72
395 48
396 73
397 79
398 48
399 32
400 27
401 77
402 12
403 37
404 7
405 71
406 68
407 24
408 73
409 73
410 1
411 63
412 73
413 12
414 71
415 15
416 1
417 68
418 28
419 32
420 79
421 31
422 31
423 17
424 54
425 4
426 29
427 24
428 1
429 54
430 72
431 72
432 54
433 27
434 31
435 12
436 24
437 27
438 52
439 25
440 23
441 52
442 5
443 5
444 5
445 60
446 49
447 74
448 1
449 5
450 52
451 52
452 5
453 73
454 79
455 48
456 23
457 29
458 29
459 15
460 49
461 5
462 37
463 12
464 23
465 26
466 71
467 1
468 12
469 71
470 49
471 52
472 31
473 60
474 5
475 4
476 12
477 5
478 6
479 48
480 52
481 74
482 31
483 6
484 74
485 52
486 48
487 32
488 25
489 27
490 71
491 49
492 52
493 48
494 31
495 5
496 49
497 15
498 68
499 63
500 15
501 31
502 28
503 7
504 58
505 6
506 63
507 26
508 27
509 37
510 29
511 15
512 63
513 1
514 26
515 58
516 25
517 58
518 54
519 49
520 6
521 26
522 52
523 4
524 49
525 24
526 79
527 68
528 48
529 6
530 79
531 68
532 23
533 12
534 24
535 68
536 52
537 28
538 12
539 73
540 58
541 29
542 60
543 63
544 32
545 54
546 55
547 79
548 31
549 23
550 6
551 74
552 1
553 32
554 4
555 77
556 28
557 71
558 58
559 52
560 54
561 60
562 5
563 29
564 29
565 15
566 7
567 26
568 72
569 73
570 52
571 54
572 71
573 32
574 25
575 26
576 17
577 58
578 77
579 27
580 28
581 63
582 77
583 29
584 32
585 27
586 72
587 23
588 32
589 79
590 27
591 27
592 32
593 32
594 60
595 23
596 31
597 71
598 29
599 77
600 5
601 31
602 24
603 55
604 32
605 49
606 32
607 60
608 37
609 12
610 6
611 17
612 77
613 74
614 49
615 25
616 1
617 63
618 25
619 77
620 37
621 68
622 12
623 24
624 58
625 74
626 73
627 28
628 6
629 48
630 54
631 24
632 25
633 26
634 72
635 28
636 74
637 26
638 60
639 25
640 23
641 58
642 29
643 28
644 63
645 32
646 68
647 24
648 29
649 15
650 4
651 24
652 1
653 25
654 32
655 17
656 32
657 63
658 77
659 49
660 7
661 71
662 68
663 29
664 72
665 4
666 27
667 79
668 25
669 27
670 60
671 74
672 52
673 17
674 6
675 6
676 24
677 25
678 71
679 15
680 72
681 1
682 71
683 31
684 49
685 26
686 27
687 24
688 15
689 74
690 73
691 23
692 74
693 60
694 17
695 5
696 27
697 1
698 48
699 77
700 58
701 17
702 7
703 29
704 71
705 28
706 72
707 29
708 6
709 6
710 23
711 72
712 31
713 77
714 15
715 23
716 29
717 4
718 37
719 77
720 17
721 72
722 37
723 37
724 54
725 58
726 5
727 32
728 48
729 31
730 79
731 15
732 4
733 79
734 58
735 4
736 79
737 17
738 58
739 4
740 4
741 1
742 27
743 77
744 15
745 68
746 1
747 24
748 63
749 28
750 72
751 7
752 72
753 48
754 73
755 25
756 15
757 4
758 4
759 17
760 28
761 60
762 72
763 60
764 23
765 63
766 4
767 73
768 5
769 74
770 23
771 68
772 24
773 28
774 37
775 48
776 79
777 27
778 15
779 52
780 31
781 77
782 4
783 37
784 68
785 63
786 15
787 60
788 4
789 28
790 25
791 48
792 27
793 28
794 12
795 37
796 74
797 77
798 73
799 24
800 58
