21 55 7 66
74
37
23
12
52
79
5
54
26
25
1
68
15
28
17
71
63
31
77
27
49
48
58
4
29
60
32
73
6
72
24

1 54
2 52
3 15
4 23
5 32
6 27
7 72
8 1
9 77
10 24
11 6
12 68
13 25
14 49
15 77
16 17
17 1
18 29
19 68
20 48
21 74
22 74
23 27
24 52
25 31
26 73
27 68
28 71
29 15
30 26
31 23
32 73
33 26
34 23
35 23
36 17
37 79
38 71
39 4
40 73
41 26
42 54
43 71
44 54
45 73
46 71
47 12
48 4
49 72
50 7
51 15
52 49
53 28
54 72
55 68
56 32
57 31
58 74
59 25
60 37
61 32
62 71
63 17
64 54
65 7
66 54
67 27
68 68
69 1
70 31
71 52
72 49
73 31
74 68
75 60
76 63
77 54
78 25
79 49
80 28
81 7
82 17
83 28
84 68
85 77
86 24
87 63
88 77
89 23
90 58
91 73
92 49
93 48
94 27
95 77
96 48
97 32
98 17
99 60
100 24
101 7
102 54
103 7
104 79
105 26
106 7
107 60
108 58
109 12
110 73
111 54
112 48
113 58
114 24
115 28
116 5
117 4
118 29
119 5
120 24
121 63
122 60
123 6
124 63
125 37
126 48
127 24
128 52
129 48
130 54
131 17
132 77
133 4
134 27
135 5
136 79
137 27
138 72
139 77
140 72
141 79
142 31
143 58
144 6
145 15
146 37
147 72
148 79
149 6
150 48
151 49
152 73
153 4
154 71
155 12
156 28
157 26
158 28
159 6
160 68
161 49
162 31
163 54
164 27
165 26
166 63
167 29
168 17
169 12
170 5
171 15
172 74
173 63
174 74
175 17
176 54
177 17
178 58
179 15
180 79
181 1
182 52
183 48
184 15
185 24
186 66
187 26
188 28
189 25
190 71
191 73
192 74
193 27
194 79
195 5
196 27
197 28
198 1
199 27
200 6
201 1
202 23
203 74
204 71
205 52
206 25
207 23
208 26
209 31
210 5
211 26
212 49
213 58
214 28
215 25
216 5
217 71
218 79
219 68
220 12
221 60
222 74
223 25
224 26
225 25
226 23
227 54
228 23
229 15
230 27
231 68
232 17
233 1
234 73
235 54
236 79
237 52
238 52
239 71
240 52
241 7
242 63
243 24
244 48
245 4
246 4
247 77
248 28
249 60
250 23
251 7
252 28
253 72
254 28
255 37
256 79
257 54
258 23
259 48
260 25
261 60
262 52
263 1
264 5
265 23
266 17
267 28
268 58
269 29
270 5
271 63
272 17
273 71
274 24
275 60
276 60
277 72
278 68
279 27
280 72
281 21
282 58
283 26
284 73
285 31
286 25
287 73
288 29
289 1
290 12
291 54
292 79
293 71
294 77
295 12
296 52
297 23
298 28
299 63
300 7
301 63
302 15
303 49
304 48
305 25
306 12
307 5
308 58
309 27
310 31
311 37
312 73
313 5
314 49
315 23
316 32
317 27
318 68
319 15
320 71
321 60
322 24
323 79
324 12
325 71
326 37
327 28
328 6
329 27
330 58
331 74
332 52
333 23
334 24
335 60
336 21
337 26
338 24
339 52
340 37
341 72
342 54
343 28
344 6
345 73
346 17
347 12
348 77
349 74
350 48
351 52
352 58
353 4
354 17
355 12
356 74
357 28
358 63
359 23
360 74
361 29
362 49
363 29
364 29
365 68
366 4
367 79
368 49
369 24
370 37
371 15
372 77
373 74
374 37
375 29
376 21
377 1
378 37
379 21
380 25
381 68
382 66
383 5
384 17
385 28
386 4
387 12
388 29
389 26
390 60
391 26
392 49
393 21
394 77
395 37
396 74
397 6
398 32
399 29
400 71
401 60
402 79
403 77
404 25
405 54
406 68
407 29
408 7
409 5
410 29
411 15
412 37
413 29
414 1
415 32
416 7
417 48
418 58
419 73
420 5
421 25
422 49
423 72
424 48
425 79
426 37
427 58
428 23
429 4
430 37
431 6
432 32
433 73
434 68
435 74
436 24
437 77
438 12
439 68
440 48
441 77
442 26
443 49
444 27
445 54
446 37
447 71
448 74
449 60
450 1
451 29
452 32
453 63
454 71
455 5
456 26
457 28
458 48
459 29
460 4
461 52
462 71
463 25
464 4
465 60
466 27
467 25
468 72
469 21
470 5
471 52
472 37
473 6
474 63
475 71
476 12
477 74
478 63
479 15
480 12
481 77
482 63
483 27
484 31
485 23
486 25
487 7
488 31
489 71
490 26
491 23
492 72
493 48
494 74
495 5
496 32
497 15
498 15
499 49
500 25
501 15
502 27
503 4
504 60
505 77
506 17
507 52
508 4
509 72
510 58
511 29
512 32
513 5
514 32
515 63
516 77
517 24
518 31
519 49
520 29
521 74
522 24
523 17
524 23
525 79
526 1
527 52
528 73
529 17
530 6
531 29
532 60
533 31
534 54
535 32
536 4
537 27
538 52
539 60
540 79
541 72
542 25
543 31
544 32
545 5
546 26
547 73
548 1
549 48
550 24
551 48
552 5
553 15
554 60
555 24
556 79
557 77
558 79
559 54
560 72
561 48
562 7
563 7
564 29
565 31
566 12
567 73
568 28
569 32
570 72
571 6
572 15
573 72
574 32
575 31
576 31
577 31
578 48
579 32
580 49
581 52
582 74
583 4
584 12
585 12
586 74
587 49
588 23
589 24
590 27
591 77
592 58
593 63
594 72
595 54
596 79
597 58
598 26
599 58
600 63
601 68
602 31
603 55
604 15
605 71
606 71
607 15
608 31
609 17
610 24
611 6
612 12
613 23
614 48
615 73
616 58
617 1
618 74
619 21
620 17
621 1
622 68
623 60
624 4
625 68
626 58
627 68
628 15
629 25
630 73
631 26
632 6
633 60
634 32
635 79
636 37
637 24
638 31
639 24
640 63
641 4
642 17
643 27
644 6
645 37
646 1
647 12
648 17
649 71
650 25
651 72
652 79
653 32
654 27
655 32
656 1
657 4
658 37
659 32
660 7
661 27
662 37
663 58
664 74
665 25
666 29
667 77
668 17
669 31
670 5
671 1
672 1
673 25
674 54
675 17
676 58
677 32
678 28
679 26
680 1
681 49
682 4
683 6
684 73
685 72
686 52
687 6
688 24
689 6
690 73
691 26
692 74
693 29
694 23
695 24
696 17
697 37
698 63
699 37
700 31
701 58
702 71
703 79
704 6
705 28
706 12
707 15
708 12
709 73
710 68
711 58
712 5
713 48
714 79
715 29
716 77
717 49
718 23
719 60
720 49
721 79
722 54
723 15
724 5
725 72
726 63
727 6
728 32
729 15
730 5
731 5
732 72
733 27
734 1
735 26
736 26
737 60
738 25
739 49
740 68
741 58
742 52
743 6
744 12
745 24
746 4
747 58
748 37
749 60
750 37
751 15
752 73
753 6
754 52
755 6
756 60
757 26
758 49
759 1
760 49
761 31
762 68
763 54
764 25
765 71
766 63
767 4
768 48
769 37
770 48
771 6
772 68
773 28
774 77
775 77
776 63
777 72
778 12
779 52
780 31
781 52
782 63
783 4
784 1
785 28
786 32
787 1
788 73
789 54
790 63
791 77
792 72
793 28
794 12
795 23
796 29
797 29
798 4
799 74
800 32
