44
71
33 10 28
41 21 76
25 27
79 69
77 6 51
78 67 55
32 72
9
68
20 62 24 15
5 74 13 64
70
4 66
22 18
50 58 31
2 1 42
38 59
19 16
12 11
14
46 23 61
56
3 73
43 34 52
37 36
30 48
60 57 80 39
29
40
45
17
49
63
75

1 75
2 75
3 75
4 75
5 75
6 75
7 1
8 1
9 75
10 1
11 2
12 2
13 2
14 2
15 75
16 2
17 2
18 2
19 75
20 75
21 3
22 3
23 3
24 3
25 3
26 3
27 3
28 3
29 3
30 3
31 4
32 4
33 4
34 4
35 4
36 4
37 4
38 4
39 4
40 4
41 5
42 5
43 5
44 5
45 5
46 5
47 5
48 5
49 5
50 5
51 6
52 6
53 6
54 6
55 6
56 6
57 6
58 6
59 6
60 6
61 49
62 49
63 17
64 13
65 49
66 17
67 49
68 17
69 49
70 17
71 17
72 49
73 13
74 17
75 17
76 13
77 49
78 17
79 13
80 49
81 9
82 9
83 22
84 9
85 63
86 63
87 9
88 22
89 9
90 9
91 28
92 28
93 28
94 28
95 28
96 10
97 10
98 28
99 28
100 48
101 11
102 63
103 11
104 63
105 11
106 63
107 63
108 63
109 63
110 63
111 12
112 12
113 12
114 12
115 12
116 12
117 12
118 12
119 12
120 12
121 17
122 17
123 17
124 17
125 49
126 17
127 17
128 13
129 17
130 17
131 14
132 14
133 14
134 14
135 14
136 14
137 14
138 14
139 14
140 14
141 70
142 70
143 15
144 70
145 70
146 70
147 70
148 70
149 70
150 70
151 16
152 16
153 16
154 16
155 16
156 16
157 16
158 16
159 16
160 16
161 49
162 17
163 17
164 49
165 17
166 17
167 49
168 49
169 49
170 17
171 18
172 18
173 18
174 18
175 18
176 18
177 18
178 18
179 18
180 18
181 19
182 19
183 59
184 59
185 59
186 59
187 59
188 59
189 59
190 59
191 20
192 20
193 20
194 20
195 20
196 20
197 20
198 20
199 20
200 20
201 6
202 21
203 21
204 21
205 25
206 21
207 21
208 21
209 21
210 25
211 22
212 22
213 22
214 22
215 22
216 22
217 22
218 22
219 22
220 22
221 3
222 3
223 23
224 23
225 23
226 23
227 23
228 23
229 23
230 23
231 45
232 68
233 45
234 62
235 24
236 62
237 68
238 68
239 24
240 45
241 25
242 25
243 25
244 25
245 25
246 25
247 25
248 25
249 25
250 25
251 40
252 40
253 29
254 40
255 29
256 40
257 40
258 29
259 29
260 40
261 25
262 25
263 25
264 25
265 25
266 25
267 25
268 25
269 25
270 27
271 28
272 28
273 28
274 28
275 28
276 28
277 28
278 28
279 28
280 28
281 40
282 29
283 40
284 29
285 29
286 29
287 40
288 40
289 29
290 40
291 30
292 30
293 30
294 30
295 30
296 30
297 30
298 30
299 30
300 30
301 63
302 18
303 63
304 31
305 63
306 63
307 63
308 31
309 18
310 63
311 32
312 32
313 32
314 32
315 32
316 32
317 32
318 32
319 32
320 32
321 44
322 44
323 33
324 44
325 33
326 44
327 44
328 44
329 44
330 33
331 34
332 52
333 34
334 34
335 34
336 34
337 34
338 34
339 52
340 52
341 24
342 68
343 24
344 45
345 68
346 68
347 45
348 68
349 68
350 68
351 36
352 36
353 36
354 36
355 36
356 36
357 36
358 36
359 36
360 36
361 37
362 37
363 37
364 37
365 37
366 37
367 37
368 37
369 37
370 37
371 38
372 3
373 38
374 38
375 3
376 38
377 38
378 38
379 38
380 3
381 39
382 48
383 39
384 39
385 39
386 39
387 39
388 48
389 39
390 39
391 29
392 29
393 40
394 40
395 29
396 40
397 40
398 29
399 40
400 40
401 41
402 41
403 41
404 41
405 41
406 41
407 41
408 41
409 29
410 41
411 42
412 42
413 42
414 42
415 42
416 42
417 42
418 42
419 42
420 42
421 43
422 43
423 23
424 56
425 43
426 43
427 23
428 23
429 43
430 23
431 44
432 44
433 44
434 44
435 44
436 44
437 44
438 44
439 44
440 44
441 45
442 45
443 45
444 45
445 45
446 45
447 45
448 45
449 45
450 45
451 46
452 46
453 46
454 46
455 46
456 46
457 46
458 46
459 46
460 46
461 45
462 45
463 45
464 45
465 45
466 45
467 45
468 45
469 45
470 45
471 48
472 48
473 48
474 48
475 48
476 48
477 48
478 48
479 48
480 48
481 49
482 49
483 49
484 49
485 49
486 49
487 49
488 49
489 49
490 49
491 50
492 50
493 50
494 50
495 50
496 50
497 50
498 50
499 50
500 50
501 40
502 51
503 77
504 29
505 51
506 29
507 29
508 29
509 29
510 29
511 52
512 52
513 52
514 52
515 52
516 52
517 52
518 52
519 52
520 52
521 2
522 75
523 75
524 75
525 1
526 75
527 75
528 75
529 75
530 75
531 56
532 56
533 56
534 56
535 56
536 56
537 56
538 56
539 56
540 56
541 67
542 67
543 67
544 55
545 67
546 67
547 67
548 67
549 67
550 67
551 56
552 56
553 56
554 56
555 56
556 56
557 56
558 56
559 56
560 56
561 71
562 57
563 71
564 71
565 71
566 71
567 71
568 71
569 71
570 71
571 58
572 58
573 58
574 58
575 58
576 58
577 58
578 58
579 58
580 58
581 59
582 59
583 59
584 59
585 59
586 59
587 59
588 59
589 59
590 59
591 60
592 60
593 60
594 60
595 60
596 60
597 60
598 60
599 60
600 60
601 14
602 61
603 14
604 61
605 14
606 14
607 14
608 14
609 61
610 14
611 62
612 68
613 62
614 68
615 68
616 62
617 62
618 62
619 68
620 68
621 63
622 63
623 63
624 63
625 63
626 63
627 63
628 63
629 63
630 63
631 64
632 4
633 4
634 4
635 4
636 64
637 64
638 4
639 64
640 64
641 16
642 16
643 16
644 16
645 16
646 16
647 16
648 16
649 16
650 16
651 66
652 66
653 66
654 66
655 50
656 4
657 66
658 66
659 66
660 66
661 67
662 67
663 67
664 67
665 67
666 67
667 67
668 67
669 67
670 67
671 68
672 68
673 68
674 68
675 68
676 68
677 68
678 68
679 68
680 68
681 69
682 69
683 69
684 69
685 69
686 69
687 69
688 69
689 69
690 69
691 70
692 70
693 70
694 70
695 70
696 70
697 70
698 70
699 70
700 70
701 71
702 71
703 71
704 71
705 71
706 71
707 71
708 71
709 71
710 71
711 32
712 72
713 32
714 72
715 72
716 72
717 72
718 72
719 72
720 32
721 73
722 73
723 73
724 73
725 73
726 73
727 73
728 73
729 73
730 73
731 13
732 17
733 17
734 17
735 13
736 17
737 13
738 13
739 74
740 49
741 2
742 75
743 75
744 75
745 75
746 2
747 1
748 75
749 75
750 75
751 41
752 29
753 76
754 41
755 41
756 29
757 29
758 29
759 29
760 40
761 77
762 77
763 77
764 6
765 77
766 77
767 6
768 6
769 6
770 77
771 78
772 78
773 78
774 40
775 40
776 78
777 40
778 40
779 40
780 40
781 79
782 79
783 79
784 79
785 79
786 79
787 79
788 79
789 79
790 79
791 71
792 71
793 80
794 80
795 71
796 71
797 80
798 80
799 71
800 80
