50 44 62
51 32 72
12 2
33
76
70
31
78
61
15
45
66
42
60
14
19
23
1
6
69
25
53
43
39
10
79
57
9
18
11
67
22

1 19
2 19
3 14
4 1
5 69
6 1
7 43
8 12
9 14
10 23
11 19
12 2
13 66
14 42
15 45
16 66
17 66
18 61
19 60
20 42
21 25
22 23
23 25
24 69
25 25
26 53
27 50
28 53
29 69
30 69
31 53
32 39
33 39
34 53
35 25
36 39
37 23
38 39
39 53
40 53
41 15
42 72
43 76
44 33
45 78
46 42
47 14
48 76
49 42
50 42
51 14
52 1
53 6
54 60
55 69
56 1
57 19
58 23
59 45
60 1
61 22
62 33
63 33
64 33
65 76
66 18
67 11
68 79
69 67
70 18
71 25
72 25
73 44
74 50
75 53
76 50
77 69
78 69
79 50
80 50
81 76
82 11
83 18
84 76
85 76
86 76
87 43
88 11
89 70
90 15
91 57
92 10
93 10
94 57
95 33
96 10
97 11
98 10
99 22
100 10
101 79
102 78
103 70
104 22
105 60
106 9
107 76
108 57
109 57
110 70
111 6
112 6
113 12
114 66
115 66
116 12
117 66
118 1
119 42
120 6
121 66
122 70
123 42
124 66
125 12
126 66
127 45
128 12
129 23
130 42
131 19
132 9
133 79
134 60
135 11
136 78
137 69
138 23
139 23
140 76
141 19
142 14
143 60
144 15
145 45
146 78
147 15
148 19
149 19
150 42
151 70
152 57
153 18
154 10
155 9
156 18
157 67
158 10
159 79
160 57
161 53
162 43
163 69
164 69
165 53
166 44
167 39
168 50
169 53
170 50
171 67
172 79
173 57
174 57
175 70
176 76
177 78
178 79
179 39
180 22
181 60
182 15
183 78
184 14
185 14
186 42
187 15
188 70
189 70
190 70
191 6
192 6
193 6
194 6
195 6
196 1
197 23
198 19
199 6
200 42
201 76
202 45
203 15
204 23
205 76
206 76
207 60
208 60
209 61
210 67
211 22
212 79
213 57
214 76
215 11
216 79
217 9
218 14
219 70
220 22
221 70
222 19
223 15
224 14
225 23
226 45
227 76
228 69
229 11
230 67
231 9
232 11
233 31
234 78
235 11
236 78
237 61
238 45
239 70
240 14
241 1
242 6
243 43
244 57
245 25
246 25
247 39
248 25
249 53
250 14
251 19
252 45
253 45
254 78
255 31
256 61
257 31
258 33
259 15
260 45
261 42
262 1
263 1
264 12
265 12
266 6
267 12
268 1
269 15
270 19
271 1
272 50
273 69
274 50
275 69
276 6
277 25
278 1
279 6
280 53
281 57
282 9
283 11
284 67
285 79
286 11
287 33
288 51
289 67
290 18
291 33
292 51
293 22
294 33
295 11
296 22
297 11
298 70
299 19
300 33
301 78
302 15
303 15
304 33
305 31
306 61
307 14
308 11
309 15
310 31
311 32
312 32
313 61
314 32
315 32
316 32
317 32
318 32
319 31
320 32
321 33
322 33
323 33
324 33
325 22
326 18
327 9
328 19
329 67
330 67
331 23
332 6
333 12
334 66
335 12
336 12
337 6
338 45
339 6
340 66
341 78
342 60
343 70
344 45
345 66
346 66
347 12
348 66
349 70
350 61
351 78
352 31
353 32
354 31
355 61
356 31
357 31
358 67
359 31
360 72
361 10
362 79
363 76
364 10
365 11
366 57
367 22
368 11
369 9
370 18
371 67
372 22
373 79
374 10
375 57
376 22
377 57
378 10
379 33
380 18
381 18
382 14
383 18
384 43
385 1
386 22
387 57
388 18
389 57
390 67
391 43
392 69
393 43
394 43
395 43
396 43
397 39
398 39
399 53
400 53
401 42
402 42
403 31
404 61
405 42
406 19
407 45
408 60
409 78
410 66
411 76
412 79
413 78
414 61
415 19
416 42
417 19
418 1
419 45
420 60
421 79
422 11
423 39
424 18
425 57
426 15
427 76
428 70
429 67
430 11
431 39
432 50
433 50
434 53
435 50
436 69
437 25
438 25
439 50
440 25
441 60
442 79
443 33
444 15
445 78
446 9
447 14
448 19
449 15
450 19
451 42
452 32
453 45
454 61
455 31
456 33
457 61
458 61
459 31
460 61
461 76
462 57
463 22
464 22
465 18
466 10
467 11
468 51
469 51
470 18
471 69
472 25
473 12
474 1
475 6
476 50
477 53
478 14
479 23
480 25
481 57
482 57
483 22
484 10
485 67
486 33
487 10
488 10
489 9
490 10
491 25
492 25
493 50
494 50
495 25
496 1
497 69
498 25
499 25
500 50
501 67
502 33
503 33
504 51
505 79
506 9
507 57
508 10
509 18
510 51
511 60
512 31
513 66
514 15
515 23
516 2
517 60
518 15
519 22
520 78
521 39
522 18
523 67
524 43
525 43
526 53
527 53
528 39
529 39
530 39
531 1
532 14
533 15
534 53
535 6
536 23
537 6
538 66
539 45
540 78
541 12
542 12
543 12
544 12
545 12
546 12
547 66
548 66
549 42
550 42
551 25
552 43
553 1
554 25
555 39
556 39
557 53
558 53
559 25
560 43
561 70
562 57
563 67
564 11
565 22
566 9
567 15
568 57
569 9
570 22
571 32
572 32
573 32
574 31
575 32
576 31
577 31
578 61
579 33
580 31
581 6
582 23
583 42
584 23
585 12
586 12
587 12
588 12
589 1
590 23
591 70
592 23
593 42
594 79
595 60
596 14
597 79
598 70
599 45
600 23
601 42
602 76
603 42
604 61
605 67
606 15
607 67
608 61
609 15
610 19
611 43
612 39
613 62
614 62
615 43
616 62
617 62
618 39
619 43
620 43
621 61
622 11
623 45
624 45
625 61
626 61
627 78
628 31
629 72
630 78
631 39
632 10
633 22
634 67
635 67
636 9
637 18
638 10
639 33
640 22
641 79
642 39
643 33
644 43
645 79
646 11
647 18
648 22
649 9
650 43
651 60
652 60
653 60
654 42
655 42
656 19
657 66
658 60
659 23
660 60
661 22
662 14
663 18
664 67
665 18
666 76
667 9
668 19
669 14
670 14
671 78
672 67
673 23
674 79
675 9
676 45
677 33
678 76
679 78
680 70
681 43
682 23
683 1
684 69
685 1
686 6
687 69
688 53
689 53
690 19
691 79
692 70
693 45
694 11
695 67
696 70
697 9
698 45
699 18
700 79
701 79
702 39
703 9
704 11
705 39
706 11
707 39
708 43
709 22
710 18
711 31
712 32
713 61
714 66
715 78
716 19
717 31
718 31
719 61
720 31
721 66
722 66
723 66
724 60
725 60
726 45
727 61
728 66
729 45
730 61
731 6
732 69
733 1
734 50
735 69
736 43
737 25
738 53
739 69
740 6
741 69
742 1
743 53
744 50
745 6
746 70
747 69
748 25
749 69
750 1
751 23
752 15
753 14
754 14
755 70
756 9
757 18
758 18
759 19
760 76
761 23
762 31
763 45
764 78
765 78
766 15
767 23
768 14
769 78
770 60
771 60
772 76
773 9
774 67
775 15
776 57
777 9
778 14
779 61
780 9
781 9
782 79
783 14
784 70
785 22
786 76
787 9
788 79
789 39
790 60
791 10
792 57
793 10
794 10
795 43
796 51
797 10
798 10
799 43
800 10
