66 7 55 21
74
37
23
12
52
79
5
54
26
25
1
68
15
28
17
71
63
31
77
27
49
48
58
4
29
60
32
73
6
72
24

1 72
2 72
3 49
4 7
5 54
6 17
7 77
8 24
9 31
10 26
11 71
12 68
13 63
14 63
15 27
16 48
17 4
18 77
19 17
20 71
21 73
22 23
23 12
24 79
25 24
26 32
27 73
28 74
29 58
30 74
31 1
32 72
33 5
34 37
35 23
36 72
37 15
38 7
39 73
40 23
41 73
42 63
43 52
44 68
45 54
46 23
47 52
48 72
49 49
50 5
51 48
52 31
53 58
54 27
55 32
56 28
57 1
58 73
59 27
60 29
61 23
62 63
63 58
64 26
65 52
66 79
67 31
68 5
69 26
70 63
71 7
72 72
73 74
74 32
75 60
76 29
77 48
78 25
79 52
80 72
81 26
82 6
83 71
84 4
85 63
86 58
87 60
88 63
89 72
90 12
91 32
92 5
93 26
94 24
95 79
96 17
97 32
98 25
99 72
100 58
101 5
102 77
103 7
104 37
105 6
106 7
107 77
108 12
109 37
110 79
111 37
112 29
113 49
114 17
115 63
116 60
117 52
118 68
119 63
120 29
121 1
122 49
123 15
124 29
125 6
126 25
127 17
128 73
129 31
130 68
131 48
132 60
133 48
134 49
135 1
136 23
137 79
138 73
139 58
140 48
141 32
142 71
143 15
144 29
145 72
146 77
147 25
148 12
149 77
150 15
151 25
152 63
153 27
154 71
155 58
156 74
157 24
158 26
159 24
160 72
161 60
162 32
163 74
164 52
165 12
166 77
167 37
168 58
169 79
170 60
171 63
172 63
173 1
174 73
175 48
176 1
177 49
178 29
179 49
180 37
181 24
182 15
183 49
184 12
185 23
186 66
187 72
188 60
189 7
190 27
191 21
192 6
193 48
194 60
195 48
196 32
197 17
198 72
199 28
200 54
201 1
202 71
203 23
204 17
205 48
206 71
207 24
208 1
209 77
210 15
211 23
212 68
213 31
214 28
215 68
216 48
217 54
218 24
219 68
220 17
221 52
222 17
223 17
224 17
225 60
226 24
227 37
228 24
229 5
230 12
231 60
232 60
233 28
234 73
235 28
236 28
237 6
238 74
239 72
240 26
241 7
242 68
243 28
244 58
245 26
246 60
247 31
248 71
249 25
250 31
251 79
252 49
253 60
254 23
255 5
256 32
257 1
258 54
259 24
260 6
261 15
262 29
263 60
264 1
265 1
266 79
267 68
268 79
269 63
270 5
271 63
272 28
273 7
274 12
275 6
276 74
277 27
278 77
279 68
280 52
281 6
282 15
283 48
284 17
285 77
286 17
287 4
288 37
289 23
290 23
291 63
292 31
293 72
294 79
295 58
296 48
297 48
298 71
299 74
300 25
301 26
302 1
303 24
304 60
305 71
306 7
307 48
308 31
309 25
310 28
311 5
312 74
313 25
314 79
315 26
316 37
317 73
318 32
319 72
320 68
321 28
322 15
323 58
324 6
325 31
326 74
327 4
328 54
329 5
330 29
331 28
332 49
333 29
334 54
335 49
336 74
337 32
338 15
339 24
340 4
341 26
342 68
343 12
344 27
345 24
346 58
347 24
348 32
349 7
350 48
351 4
352 49
353 71
354 60
355 74
356 63
357 74
358 1
359 26
360 5
361 1
362 25
363 52
364 29
365 37
366 23
367 27
368 52
369 63
370 72
371 5
372 25
373 74
374 27
375 29
376 21
377 31
378 32
379 21
380 72
381 5
382 66
383 52
384 60
385 25
386 31
387 29
388 6
389 6
390 23
391 15
392 48
393 21
394 37
395 63
396 6
397 7
398 4
399 15
400 1
401 52
402 54
403 15
404 25
405 1
406 71
407 32
408 49
409 60
410 12
411 79
412 74
413 60
414 25
415 71
416 7
417 27
418 54
419 25
420 71
421 25
422 7
423 37
424 68
425 29
426 79
427 60
428 15
429 12
430 73
431 28
432 5
433 77
434 25
435 31
436 17
437 54
438 37
439 5
440 17
441 17
442 17
443 73
444 68
445 58
446 4
447 77
448 25
449 23
450 77
451 32
452 72
453 58
454 17
455 23
456 24
457 77
458 32
459 77
460 23
461 52
462 24
463 54
464 71
465 54
466 48
467 77
468 73
469 58
470 29
471 27
472 79
473 4
474 49
475 31
476 12
477 4
478 48
479 60
480 1
481 63
482 4
483 73
484 68
485 15
486 1
487 52
488 77
489 52
490 23
491 17
492 15
493 73
494 31
495 12
496 5
497 49
498 12
499 63
500 26
501 77
502 74
503 26
504 52
505 58
506 49
507 28
508 28
509 15
510 31
511 37
512 12
513 15
514 4
515 6
516 58
517 24
518 71
519 52
520 68
521 63
522 17
523 31
524 26
525 71
526 6
527 29
528 25
529 6
530 6
531 28
532 27
533 72
534 68
535 5
536 17
537 24
538 24
539 63
540 25
541 48
542 1
543 26
544 73
545 12
546 55
547 27
548 32
549 37
550 31
551 79
552 60
553 68
554 17
555 37
556 26
557 4
558 6
559 32
560 26
561 74
562 7
563 52
564 27
565 27
566 4
567 5
568 4
569 15
570 49
571 29
572 72
573 1
574 79
575 54
576 54
577 77
578 27
579 31
580 77
581 23
582 58
583 72
584 4
585 31
586 12
587 79
588 26
589 1
590 27
591 27
592 27
593 60
594 37
595 37
596 28
597 4
598 71
599 15
600 77
601 48
602 26
603 55
604 68
605 49
606 79
607 58
608 28
609 6
610 6
611 21
612 37
613 77
614 26
615 68
616 71
617 29
618 5
619 73
620 52
621 72
622 12
623 23
624 52
625 12
626 79
627 5
628 68
629 32
630 23
631 74
632 73
633 54
634 6
635 29
636 54
637 58
638 25
639 52
640 6
641 17
642 54
643 49
644 49
645 79
646 68
647 27
648 72
649 54
650 31
651 24
652 15
653 68
654 68
655 4
656 73
657 26
658 24
659 25
660 7
661 24
662 52
663 4
664 12
665 15
666 28
667 26
668 79
669 31
670 60
671 77
672 37
673 52
674 31
675 54
676 72
677 73
678 28
679 73
680 24
681 71
682 4
683 71
684 29
685 74
686 54
687 21
688 17
689 26
690 73
691 1
692 28
693 77
694 29
695 73
696 58
697 71
698 58
699 58
700 5
701 63
702 60
703 74
704 4
705 63
706 37
707 49
708 4
709 68
710 79
711 58
712 37
713 1
714 73
715 1
716 32
717 71
718 52
719 12
720 4
721 49
722 71
723 12
724 79
725 28
726 31
727 79
728 74
729 29
730 24
731 54
732 26
733 77
734 74
735 6
736 58
737 37
738 48
739 32
740 6
741 15
742 79
743 25
744 1
745 73
746 54
747 23
748 32
749 27
750 12
751 27
752 23
753 37
754 28
755 29
756 6
757 12
758 23
759 15
760 31
761 71
762 17
763 32
764 32
765 49
766 12
767 29
768 25
769 52
770 15
771 63
772 27
773 54
774 23
775 5
776 32
777 48
778 49
779 4
780 74
781 49
782 5
783 37
784 54
785 28
786 4
787 54
788 5
789 74
790 6
791 29
792 28
793 28
794 48
795 25
796 74
797 5
798 48
799 27
800 27
