70 79
53 20 44 40
23 64 43
7 63 33
10 14 30
42
57 76
19 74 48 9 3 55 1 46
8 25 28
67 6 29 54 11 26
5 13 18
21
39
50
32
4
38

1 46
2 46
3 57
4 1
5 46
6 57
7 57
8 57
9 57
10 46
11 4
12 4
13 4
14 4
15 4
16 67
17 67
18 4
19 4
20 4
21 3
22 3
23 3
24 3
25 3
26 3
27 3
28 3
29 3
30 3
31 4
32 4
33 4
34 4
35 4
36 4
37 4
38 4
39 4
40 4
41 13
42 13
43 13
44 38
45 13
46 13
47 5
48 13
49 13
50 13
51 4
52 29
53 6
54 29
55 29
56 4
57 4
58 29
59 4
60 4
61 7
62 7
63 7
64 7
65 7
66 50
67 7
68 7
69 7
70 50
71 25
72 8
73 8
74 25
75 21
76 28
77 21
78 19
79 8
80 21
81 48
82 57
83 42
84 42
85 57
86 42
87 42
88 42
89 9
90 42
91 10
92 14
93 10
94 10
95 10
96 14
97 10
98 14
99 14
100 43
101 39
102 79
103 79
104 11
105 79
106 39
107 39
108 79
109 11
110 11
111 4
112 54
113 4
114 4
115 4
116 4
117 4
118 4
119 4
120 4
121 13
122 13
123 13
124 13
125 13
126 13
127 13
128 13
129 13
130 13
131 14
132 14
133 14
134 14
135 14
136 14
137 14
138 14
139 14
140 14
141 20
142 23
143 23
144 20
145 20
146 23
147 20
148 20
149 20
150 20
151 50
152 50
153 50
154 50
155 43
156 32
157 50
158 50
159 14
160 50
161 38
162 38
163 13
164 18
165 13
166 38
167 38
168 13
169 38
170 38
171 38
172 4
173 18
174 38
175 18
176 4
177 18
178 38
179 38
180 38
181 19
182 32
183 32
184 32
185 21
186 19
187 19
188 19
189 19
190 32
191 20
192 20
193 20
194 20
195 20
196 20
197 20
198 20
199 20
200 20
201 21
202 21
203 21
204 21
205 21
206 21
207 32
208 21
209 21
210 21
211 63
212 63
213 7
214 63
215 7
216 63
217 63
218 7
219 7
220 63
221 23
222 23
223 23
224 23
225 50
226 23
227 23
228 23
229 23
230 50
231 13
232 38
233 11
234 38
235 11
236 13
237 13
238 38
239 38
240 38
241 25
242 25
243 25
244 25
245 25
246 25
247 25
248 25
249 25
250 25
251 39
252 39
253 39
254 39
255 39
256 39
257 79
258 39
259 39
260 38
261 7
262 7
263 7
264 14
265 7
266 7
267 7
268 7
269 50
270 10
271 25
272 28
273 28
274 28
275 18
276 28
277 25
278 25
279 28
280 25
281 29
282 29
283 29
284 29
285 29
286 29
287 29
288 29
289 29
290 29
291 14
292 14
293 30
294 14
295 14
296 14
297 14
298 14
299 14
300 14
301 23
302 7
303 50
304 33
305 50
306 23
307 7
308 50
309 33
310 23
311 32
312 32
313 32
314 32
315 32
316 43
317 32
318 32
319 32
320 43
321 50
322 7
323 7
324 7
325 33
326 33
327 7
328 7
329 33
330 23
331 4
332 29
333 4
334 4
335 4
336 4
337 4
338 18
339 29
340 54
341 79
342 13
343 13
344 79
345 79
346 79
347 11
348 79
349 79
350 13
351 57
352 57
353 57
354 57
355 57
356 57
357 57
358 57
359 55
360 57
361 18
362 18
363 38
364 38
365 38
366 38
367 38
368 38
369 13
370 38
371 38
372 38
373 38
374 38
375 39
376 38
377 18
378 38
379 18
380 38
381 39
382 39
383 26
384 39
385 39
386 39
387 39
388 39
389 39
390 39
391 40
392 39
393 21
394 21
395 21
396 21
397 39
398 21
399 39
400 21
401 50
402 50
403 50
404 50
405 50
406 50
407 50
408 50
409 50
410 7
411 42
412 42
413 42
414 42
415 42
416 42
417 42
418 42
419 42
420 42
421 32
422 32
423 32
424 32
425 32
426 14
427 43
428 32
429 43
430 32
431 44
432 44
433 39
434 20
435 44
436 44
437 44
438 20
439 44
440 20
441 79
442 79
443 38
444 39
445 79
446 44
447 39
448 79
449 39
450 39
451 46
452 46
453 46
454 46
455 46
456 46
457 46
458 46
459 46
460 46
461 79
462 79
463 79
464 79
465 79
466 79
467 79
468 79
469 79
470 79
471 48
472 42
473 42
474 42
475 42
476 42
477 42
478 48
479 42
480 42
481 18
482 28
483 18
484 4
485 25
486 18
487 25
488 18
489 38
490 4
491 50
492 50
493 50
494 50
495 50
496 50
497 50
498 50
499 50
500 50
501 32
502 32
503 32
504 43
505 32
506 32
507 32
508 32
509 32
510 43
511 43
512 32
513 32
514 32
515 32
516 32
517 32
518 32
519 32
520 32
521 21
522 21
523 21
524 53
525 53
526 21
527 53
528 53
529 53
530 21
531 54
532 29
533 13
534 54
535 4
536 4
537 13
538 4
539 4
540 13
541 3
542 57
543 57
544 57
545 57
546 57
547 57
548 3
549 57
550 3
551 67
552 25
553 46
554 67
555 46
556 67
557 67
558 67
559 67
560 67
561 57
562 57
563 57
564 57
565 57
566 57
567 57
568 57
569 57
570 57
571 25
572 25
573 25
574 76
575 25
576 25
577 25
578 25
579 25
580 25
581 39
582 39
583 39
584 53
585 39
586 39
587 39
588 39
589 53
590 39
591 38
592 38
593 38
594 38
595 38
596 39
597 38
598 38
599 18
600 38
601 79
602 44
603 44
604 79
605 79
606 70
607 79
608 39
609 79
610 79
611 42
612 42
613 42
614 42
615 42
616 76
617 42
618 76
619 42
620 42
621 63
622 63
623 63
624 63
625 63
626 63
627 63
628 63
629 63
630 7
631 50
632 64
633 64
634 50
635 50
636 50
637 50
638 50
639 64
640 64
641 43
642 32
643 32
644 48
645 32
646 19
647 14
648 32
649 30
650 32
651 23
652 23
653 23
654 23
655 23
656 23
657 23
658 23
659 23
660 23
661 67
662 4
663 67
664 67
665 67
666 67
667 67
668 67
669 67
670 4
671 14
672 14
673 14
674 14
675 14
676 14
677 30
678 30
679 14
680 14
681 19
682 32
683 21
684 19
685 32
686 32
687 32
688 21
689 21
690 32
691 79
692 79
693 70
694 79
695 79
696 70
697 44
698 70
699 70
700 44
701 57
702 57
703 57
704 55
705 57
706 57
707 42
708 57
709 57
710 57
711 21
712 40
713 21
714 28
715 21
716 39
717 21
718 39
719 21
720 39
721 53
722 39
723 39
724 39
725 39
726 44
727 39
728 39
729 39
730 39
731 42
732 19
733 19
734 32
735 42
736 32
737 42
738 42
739 42
740 74
741 4
742 25
743 4
744 25
745 67
746 67
747 25
748 67
749 67
750 25
751 42
752 42
753 76
754 42
755 25
756 76
757 42
758 42
759 42
760 76
761 38
762 38
763 38
764 38
765 18
766 38
767 38
768 13
769 38
770 38
771 50
772 50
773 50
774 14
775 50
776 50
777 50
778 50
779 50
780 50
781 79
782 79
783 79
784 79
785 79
786 79
787 79
788 79
789 79
790 79
791 23
792 23
793 23
794 23
795 23
796 20
797 23
798 23
799 64
800 64
