8 32 7
46 14 49 72 9
40 58
34
36
69
60
23
31
35
19
70
25
17
47
6

1 25
2 25
3 25
4 19
5 25
6 25
7 25
8 25
9 25
10 25
11 19
12 25
13 70
14 47
15 25
16 19
17 19
18 70
19 25
20 19
21 47
22 58
23 58
24 58
25 6
26 36
27 58
28 6
29 58
30 47
31 34
32 60
33 32
34 32
35 60
36 36
37 36
38 34
39 36
40 69
41 17
42 70
43 19
44 25
45 19
46 70
47 25
48 19
49 70
50 47
51 6
52 17
53 36
54 69
55 58
56 6
57 60
58 17
59 70
60 6
61 69
62 7
63 32
64 32
65 23
66 32
67 32
68 32
69 32
70 32
71 36
72 36
73 69
74 34
75 36
76 8
77 32
78 36
79 6
80 34
81 25
82 9
83 19
84 25
85 25
86 9
87 9
88 9
89 9
90 17
91 35
92 17
93 17
94 17
95 19
96 60
97 17
98 17
99 19
100 47
101 72
102 9
103 35
104 72
105 35
106 19
107 9
108 19
109 35
110 35
111 58
112 70
113 34
114 58
115 17
116 58
117 34
118 34
119 70
120 58
121 19
122 70
123 70
124 19
125 70
126 17
127 70
128 47
129 17
130 70
131 23
132 23
133 14
134 14
135 23
136 60
137 23
138 23
139 23
140 14
141 34
142 34
143 34
144 8
145 36
146 34
147 34
148 69
149 69
150 34
151 19
152 19
153 35
154 31
155 35
156 23
157 35
158 35
159 35
160 23
161 70
162 36
163 47
164 6
165 60
166 17
167 36
168 47
169 47
170 36
171 23
172 14
173 70
174 23
175 6
176 36
177 23
178 14
179 69
180 23
181 47
182 17
183 17
184 17
185 6
186 19
187 70
188 70
189 47
190 19
191 35
192 23
193 23
194 14
195 14
196 31
197 35
198 23
199 31
200 14
201 58
202 17
203 6
204 36
205 6
206 47
207 58
208 47
209 58
210 36
211 31
212 35
213 35
214 31
215 31
216 19
217 70
218 31
219 69
220 31
221 36
222 23
223 69
224 69
225 69
226 69
227 23
228 31
229 60
230 23
231 31
232 19
233 31
234 47
235 6
236 36
237 69
238 60
239 69
240 6
241 70
242 19
243 17
244 19
245 35
246 19
247 17
248 47
249 25
250 19
251 69
252 23
253 69
254 69
255 69
256 60
257 31
258 69
259 32
260 69
261 6
262 47
263 40
264 47
265 58
266 58
267 25
268 58
269 47
270 58
271 32
272 69
273 23
274 36
275 31
276 60
277 60
278 36
279 69
280 19
281 31
282 14
283 31
284 31
285 31
286 35
287 23
288 31
289 14
290 31
291 34
292 32
293 32
294 34
295 32
296 36
297 32
298 32
299 32
300 69
301 17
302 35
303 60
304 17
305 36
306 6
307 17
308 70
309 31
310 6
311 32
312 32
313 69
314 32
315 34
316 69
317 32
318 32
319 32
320 34
321 34
322 36
323 6
324 60
325 60
326 34
327 34
328 32
329 69
330 34
331 36
332 6
333 34
334 60
335 36
336 36
337 36
338 34
339 6
340 34
341 35
342 17
343 17
344 35
345 19
346 60
347 31
348 31
349 35
350 35
351 70
352 60
353 60
354 36
355 17
356 69
357 60
358 6
359 17
360 17
361 69
362 36
363 69
364 34
365 69
366 60
367 69
368 69
369 6
370 6
371 69
372 69
373 69
374 23
375 23
376 69
377 35
378 31
379 31
380 23
381 23
382 31
383 14
384 23
385 14
386 31
387 14
388 23
389 23
390 23
391 47
392 47
393 40
394 40
395 47
396 25
397 25
398 47
399 25
400 70
401 23
402 31
403 23
404 23
405 23
406 31
407 23
408 31
409 23
410 14
411 25
412 25
413 47
414 70
415 19
416 19
417 70
418 70
419 70
420 25
421 17
422 70
423 36
424 47
425 47
426 47
427 47
428 47
429 47
430 58
431 34
432 8
433 34
434 34
435 34
436 6
437 34
438 8
439 8
440 34
441 34
442 34
443 6
444 34
445 6
446 32
447 36
448 34
449 36
450 34
451 23
452 23
453 46
454 69
455 69
456 46
457 14
458 60
459 14
460 14
461 36
462 47
463 17
464 70
465 36
466 60
467 17
468 70
469 36
470 36
471 17
472 47
473 25
474 47
475 17
476 25
477 47
478 47
479 40
480 19
481 35
482 35
483 35
484 31
485 72
486 35
487 23
488 23
489 35
490 35
491 31
492 31
493 35
494 31
495 17
496 60
497 35
498 31
499 19
500 35
501 17
502 35
503 25
504 19
505 19
506 25
507 19
508 35
509 19
510 25
511 34
512 36
513 32
514 34
515 34
516 69
517 32
518 32
519 34
520 6
521 58
522 58
523 58
524 58
525 58
526 58
527 58
528 58
529 58
530 58
531 17
532 19
533 60
534 23
535 70
536 36
537 23
538 31
539 35
540 69
541 69
542 60
543 6
544 60
545 34
546 60
547 6
548 23
549 34
550 34
551 6
552 35
553 70
554 17
555 6
556 25
557 47
558 47
559 70
560 25
561 17
562 19
563 9
564 60
565 6
566 36
567 70
568 60
569 17
570 36
571 58
572 58
573 58
574 58
575 58
576 6
577 58
578 47
579 58
580 58
581 34
582 17
583 60
584 6
585 70
586 34
587 34
588 6
589 17
590 70
591 60
592 31
593 60
594 36
595 60
596 70
597 31
598 70
599 70
600 6
601 35
602 60
603 49
604 19
605 69
606 35
607 31
608 72
609 35
610 35
611 40
612 47
613 47
614 40
615 47
616 40
617 47
618 47
619 40
620 25
621 25
622 17
623 47
624 35
625 25
626 25
627 70
628 35
629 19
630 35
631 32
632 32
633 36
634 32
635 32
636 32
637 32
638 34
639 34
640 32
641 60
642 32
643 36
644 32
645 6
646 6
647 32
648 32
649 69
650 36
651 69
652 36
653 23
654 23
655 60
656 60
657 69
658 32
659 69
660 32
661 31
662 47
663 58
664 6
665 17
666 6
667 70
668 6
669 17
670 6
671 25
672 9
673 70
674 25
675 25
676 25
677 25
678 25
679 9
680 25
681 6
682 36
683 36
684 60
685 69
686 60
687 60
688 70
689 60
690 17
691 70
692 70
693 19
694 60
695 19
696 36
697 19
698 6
699 70
700 17
701 14
702 23
703 23
704 14
705 31
706 69
707 23
708 14
709 14
710 36
711 72
712 9
713 31
714 31
715 70
716 19
717 35
718 70
719 72
720 72
721 70
722 72
723 9
724 19
725 35
726 35
727 72
728 19
729 25
730 25
731 17
732 47
733 17
734 17
735 58
736 58
737 19
738 58
739 47
740 58
741 8
742 8
743 36
744 47
745 47
746 47
747 34
748 47
749 58
750 34
751 6
752 6
753 17
754 6
755 6
756 35
757 25
758 25
759 70
760 25
761 9
762 35
763 25
764 25
765 9
766 9
767 70
768 9
769 9
770 6
771 23
772 19
773 31
774 69
775 60
776 17
777 19
778 31
779 35
780 69
781 60
782 31
783 60
784 31
785 60
786 23
787 35
788 31
789 35
790 31
791 31
792 19
793 60
794 6
795 19
796 6
797 60
798 60
799 60
800 31
