59 32
68 16 57 50 30
31 15 28
70 43 38 4 17 48
39 41 36 63
33 54 14
71
37
40
64
21
58
1
22
5
2
23
77
66
18
3
62
69
6
26
35
25
42
47
51
80
60

1 1
2 1
3 22
4 1
5 1
6 1
7 1
8 1
9 30
10 1
11 77
12 5
13 5
14 2
15 21
16 2
17 5
18 2
19 5
20 21
21 3
22 39
23 4
24 3
25 69
26 3
27 6
28 6
29 69
30 3
31 3
32 3
33 69
34 69
35 3
36 69
37 3
38 3
39 3
40 3
41 2
42 2
43 77
44 2
45 5
46 2
47 5
48 2
49 2
50 5
51 21
52 6
53 42
54 6
55 6
56 6
57 70
58 6
59 6
60 42
61 58
62 58
63 21
64 6
65 21
66 21
67 58
68 58
69 58
70 58
71 26
72 80
73 35
74 51
75 35
76 51
77 35
78 51
79 47
80 80
81 22
82 5
83 22
84 5
85 5
86 2
87 5
88 31
89 22
90 5
91 6
92 51
93 51
94 51
95 51
96 80
97 80
98 80
99 26
100 80
101 71
102 32
103 32
104 32
105 71
106 32
107 71
108 32
109 71
110 32
111 43
112 5
113 23
114 23
115 23
116 23
117 2
118 23
119 5
120 23
121 69
122 3
123 3
124 3
125 69
126 69
127 3
128 3
129 62
130 3
131 60
132 60
133 14
134 60
135 60
136 60
137 60
138 60
139 60
140 14
141 15
142 28
143 15
144 15
145 15
146 15
147 15
148 15
149 15
150 15
151 37
152 16
153 37
154 16
155 16
156 16
157 37
158 16
159 37
160 16
161 17
162 17
163 62
164 62
165 62
166 62
167 18
168 62
169 17
170 62
171 18
172 18
173 18
174 18
175 18
176 66
177 18
178 18
179 18
180 18
181 77
182 66
183 77
184 66
185 66
186 66
187 66
188 66
189 38
190 66
191 42
192 42
193 80
194 42
195 80
196 42
197 59
198 80
199 42
200 35
201 6
202 6
203 58
204 58
205 6
206 21
207 6
208 6
209 58
210 6
211 2
212 22
213 1
214 22
215 22
216 22
217 22
218 22
219 31
220 22
221 77
222 23
223 5
224 5
225 23
226 23
227 77
228 2
229 23
230 5
231 18
232 18
233 18
234 18
235 18
236 66
237 18
238 18
239 66
240 18
241 25
242 25
243 25
244 25
245 25
246 25
247 25
248 25
249 25
250 25
251 26
252 26
253 26
254 26
255 35
256 26
257 41
258 26
259 26
260 42
261 35
262 35
263 47
264 35
265 51
266 35
267 51
268 35
269 47
270 35
271 28
272 77
273 28
274 5
275 28
276 28
277 28
278 28
279 28
280 28
281 77
282 2
283 77
284 2
285 23
286 77
287 43
288 77
289 77
290 77
291 1
292 22
293 1
294 30
295 22
296 22
297 22
298 30
299 22
300 1
301 22
302 1
303 22
304 22
305 31
306 22
307 31
308 31
309 22
310 22
311 71
312 32
313 32
314 32
315 32
316 32
317 32
318 71
319 32
320 71
321 25
322 33
323 54
324 60
325 25
326 54
327 54
328 33
329 60
330 25
331 1
332 50
333 64
334 64
335 1
336 64
337 1
338 64
339 64
340 64
341 26
342 35
343 51
344 80
345 41
346 80
347 47
348 51
349 35
350 26
351 47
352 36
353 47
354 36
355 47
356 47
357 25
358 25
359 36
360 36
361 37
362 37
363 37
364 37
365 37
366 37
367 37
368 37
369 37
370 37
371 66
372 43
373 66
374 23
375 66
376 66
377 38
378 66
379 23
380 66
381 3
382 41
383 26
384 26
385 69
386 39
387 26
388 3
389 3
390 39
391 40
392 40
393 40
394 40
395 40
396 40
397 40
398 40
399 37
400 40
401 26
402 41
403 26
404 41
405 26
406 26
407 35
408 26
409 41
410 26
411 21
412 21
413 58
414 6
415 21
416 42
417 80
418 42
419 21
420 6
421 43
422 66
423 43
424 43
425 43
426 43
427 43
428 43
429 43
430 43
431 59
432 58
433 40
434 40
435 40
436 40
437 40
438 58
439 40
440 21
441 58
442 6
443 22
444 22
445 58
446 21
447 21
448 21
449 58
450 58
451 62
452 69
453 62
454 69
455 69
456 18
457 17
458 62
459 62
460 17
461 54
462 80
463 35
464 47
465 47
466 47
467 35
468 80
469 35
470 35
471 48
472 41
473 26
474 3
475 69
476 39
477 69
478 26
479 41
480 39
481 51
482 51
483 51
484 51
485 26
486 51
487 51
488 80
489 35
490 51
491 64
492 50
493 64
494 64
495 50
496 64
497 64
498 50
499 64
500 40
501 80
502 80
503 51
504 42
505 80
506 51
507 80
508 51
509 51
510 26
511 42
512 21
513 6
514 80
515 42
516 6
517 42
518 59
519 6
520 42
521 47
522 54
523 54
524 54
525 54
526 54
527 54
528 54
529 60
530 60
531 54
532 60
533 60
534 54
535 47
536 60
537 54
538 54
539 54
540 54
541 47
542 47
543 35
544 47
545 47
546 47
547 47
548 33
549 35
550 36
551 64
552 64
553 64
554 1
555 1
556 1
557 1
558 1
559 1
560 1
561 37
562 16
563 16
564 16
565 57
566 37
567 37
568 37
569 37
570 37
571 58
572 58
573 58
574 21
575 21
576 21
577 21
578 58
579 58
580 21
581 71
582 59
583 59
584 59
585 59
586 59
587 59
588 59
589 40
590 71
591 60
592 60
593 60
594 60
595 54
596 60
597 54
598 60
599 60
600 54
601 28
602 23
603 77
604 77
605 2
606 28
607 23
608 77
609 23
610 77
611 69
612 3
613 62
614 62
615 62
616 62
617 62
618 69
619 62
620 62
621 42
622 63
623 42
624 80
625 42
626 6
627 80
628 42
629 42
630 42
631 40
632 40
633 64
634 64
635 64
636 40
637 64
638 64
639 40
640 64
641 17
642 62
643 17
644 62
645 62
646 69
647 62
648 17
649 62
650 62
651 23
652 77
653 66
654 66
655 66
656 66
657 23
658 66
659 66
660 23
661 77
662 22
663 23
664 23
665 5
666 23
667 5
668 23
669 23
670 23
671 16
672 16
673 16
674 68
675 16
676 37
677 68
678 37
679 71
680 68
681 69
682 3
683 69
684 69
685 3
686 69
687 69
688 69
689 3
690 69
691 58
692 21
693 58
694 21
695 58
696 6
697 77
698 6
699 21
700 58
701 71
702 71
703 71
704 71
705 71
706 32
707 71
708 32
709 71
710 71
711 41
712 26
713 47
714 35
715 41
716 35
717 41
718 41
719 41
720 41
721 77
722 2
723 2
724 5
725 5
726 77
727 2
728 21
729 2
730 2
731 71
732 71
733 71
734 71
735 37
736 71
737 71
738 16
739 71
740 37
741 25
742 25
743 25
744 25
745 25
746 25
747 25
748 25
749 25
750 25
751 18
752 18
753 66
754 18
755 18
756 62
757 18
758 18
759 69
760 66
761 77
762 2
763 2
764 77
765 5
766 2
767 5
768 5
769 2
770 77
771 40
772 1
773 64
774 40
775 64
776 40
777 64
778 64
779 40
780 1
781 47
782 60
783 35
784 47
785 60
786 47
787 60
788 35
789 47
790 47
791 51
792 51
793 42
794 42
795 80
796 42
797 80
798 80
799 51
800 42
