61 4 50 20
48
39
63
66
17
5
28
24
1
33
59
47
72
65
26

1 59
2 1
3 26
4 4
5 26
6 72
7 26
8 63
9 17
10 59
11 66
12 65
13 66
14 1
15 63
16 26
17 26
18 5
19 33
20 47
21 28
22 24
23 59
24 59
25 59
26 66
27 65
28 17
29 5
30 28
31 28
32 39
33 39
34 59
35 63
36 39
37 1
38 1
39 47
40 26
41 4
42 48
43 65
44 47
45 63
46 63
47 66
48 72
49 24
50 47
51 26
52 33
53 24
54 59
55 72
56 1
57 4
58 28
59 72
60 48
61 4
62 48
63 4
64 28
65 66
66 28
67 65
68 4
69 39
70 65
71 39
72 4
73 28
74 39
75 66
76 63
77 1
78 59
79 66
80 63
81 59
82 33
83 66
84 39
85 48
86 65
87 39
88 48
89 26
90 26
91 4
92 48
93 39
94 24
95 33
96 39
97 26
98 59
99 4
100 61
101 5
102 63
103 28
104 63
105 48
106 33
107 24
108 5
109 20
110 33
111 48
112 4
113 28
114 59
115 17
116 26
117 26
118 66
119 26
120 48
121 48
122 66
123 59
124 65
125 4
126 24
127 33
128 47
129 66
130 72
131 1
132 39
133 1
134 39
135 5
136 59
137 65
138 17
139 65
140 65
141 72
142 66
143 28
144 17
145 28
146 33
147 39
148 26
149 66
150 39
151 72
152 47
153 59
154 59
155 47
156 1
157 48
158 26
159 26
160 17
161 26
162 47
163 48
164 33
165 65
166 5
167 72
168 66
169 72
170 65
171 5
172 72
173 5
174 5
175 63
176 33
177 1
178 5
179 17
180 17
181 26
182 39
183 28
184 66
185 47
186 4
187 1
188 59
189 63
190 72
191 20
192 59
193 33
194 28
195 28
196 1
197 20
198 28
199 33
200 39
201 47
202 33
203 63
204 63
205 39
206 24
207 39
208 24
209 72
210 66
211 5
212 72
213 5
214 24
215 72
216 66
217 65
218 47
219 1
220 47
221 47
222 4
223 24
224 33
225 63
226 24
227 72
228 24
229 4
230 59
231 66
232 48
233 47
234 26
235 17
236 72
237 5
238 63
239 1
240 63
241 47
242 26
243 72
244 26
245 24
246 48
247 59
248 5
249 48
250 72
251 39
252 65
253 4
254 1
255 66
256 24
257 63
258 65
259 33
260 5
261 20
262 65
263 20
264 47
265 59
266 24
267 48
268 26
269 66
270 65
271 1
272 24
273 28
274 39
275 48
276 59
277 59
278 24
279 72
280 26
281 24
282 66
283 17
284 59
285 39
286 63
287 39
288 17
289 59
290 72
291 1
292 24
293 28
294 59
295 65
296 1
297 33
298 17
299 4
300 24
301 5
302 17
303 47
304 24
305 66
306 72
307 48
308 65
309 28
310 24
311 63
312 66
313 66
314 28
315 48
316 28
317 48
318 17
319 59
320 26
321 65
322 48
323 63
324 65
325 26
326 28
327 5
328 24
329 59
330 28
331 65
332 63
333 20
334 39
335 47
336 65
337 1
338 1
339 48
340 5
341 1
342 48
343 39
344 20
345 1
346 59
347 63
348 47
349 72
350 72
351 24
352 59
353 72
354 17
355 48
356 33
357 63
358 26
359 63
360 1
361 63
362 28
363 63
364 72
365 1
366 72
367 4
368 48
369 33
370 63
371 72
372 59
373 28
374 28
375 48
376 33
377 63
378 33
379 24
380 47
381 24
382 66
383 66
384 28
385 59
386 28
387 5
388 4
389 5
390 24
391 5
392 47
393 66
394 63
395 47
396 39
397 28
398 65
399 47
400 5
401 1
402 17
403 26
404 39
405 28
406 39
407 66
408 65
409 63
410 28
411 4
412 33
413 63
414 24
415 5
416 24
417 20
418 1
419 28
420 26
421 48
422 28
423 28
424 33
425 1
426 20
427 66
428 33
429 48
430 24
431 63
432 24
433 47
434 1
435 39
436 1
437 47
438 39
439 63
440 39
441 66
442 66
443 59
444 66
445 47
446 1
447 59
448 1
449 1
450 33
451 65
452 26
453 4
454 33
455 59
456 28
457 26
458 47
459 66
460 59
461 66
462 5
463 33
464 33
465 48
466 59
467 33
468 48
469 72
470 39
471 5
472 17
473 39
474 17
475 72
476 63
477 1
478 17
479 28
480 65
481 48
482 26
483 26
484 59
485 65
486 5
487 47
488 26
489 63
490 65
491 28
492 72
493 47
494 28
495 48
496 65
497 63
498 5
499 17
500 1
501 5
502 48
503 33
504 72
505 59
506 59
507 1
508 66
509 65
510 72
511 61
512 39
513 17
514 26
515 28
516 26
517 59
518 33
519 33
520 39
521 5
522 59
523 5
524 66
525 5
526 63
527 5
528 28
529 33
530 65
531 48
532 63
533 4
534 17
535 66
536 61
537 63
538 48
539 33
540 4
541 17
542 65
543 72
544 17
545 59
546 20
547 17
548 26
549 33
550 39
551 47
552 65
553 33
554 5
555 50
556 59
557 33
558 39
559 47
560 47
561 17
562 17
563 66
564 33
565 65
566 17
567 48
568 66
569 24
570 33
571 66
572 17
573 47
574 5
575 24
576 63
577 66
578 66
579 48
580 24
581 39
582 17
583 48
584 65
585 24
586 66
587 59
588 17
589 28
590 24
591 72
592 17
593 28
594 1
595 28
596 33
597 63
598 17
599 65
600 17
601 28
602 65
603 39
604 26
605 48
606 63
607 24
608 47
609 26
610 1
611 17
612 26
613 61
614 39
615 47
616 47
617 39
618 72
619 28
620 4
621 66
622 39
623 47
624 1
625 26
626 66
627 65
628 47
629 47
630 66
631 47
632 4
633 65
634 24
635 24
636 72
637 5
638 5
639 72
640 24
641 1
642 63
643 63
644 59
645 33
646 17
647 5
648 47
649 39
650 26
651 72
652 28
653 48
654 33
655 65
656 63
657 66
658 48
659 63
660 26
661 1
662 17
663 20
664 63
665 72
666 65
667 1
668 65
669 39
670 33
671 63
672 17
673 17
674 47
675 39
676 48
677 72
678 24
679 1
680 28
681 28
682 72
683 65
684 72
685 1
686 48
687 1
688 47
689 24
690 33
691 24
692 72
693 1
694 28
695 47
696 1
697 5
698 24
699 47
700 17
701 4
702 24
703 47
704 5
705 33
706 4
707 72
708 4
709 72
710 48
711 63
712 17
713 33
714 47
715 26
716 39
717 4
718 65
719 17
720 65
721 59
722 17
723 17
724 4
725 47
726 28
727 59
728 5
729 24
730 72
731 65
732 1
733 17
734 17
735 1
736 59
737 33
738 65
739 66
740 59
741 72
742 26
743 26
744 48
745 24
746 61
747 5
748 47
749 5
750 72
751 5
752 33
753 65
754 5
755 4
756 5
757 5
758 65
759 72
760 33
761 5
762 33
763 72
764 4
765 17
766 48
767 1
768 59
769 66
770 26
771 26
772 26
773 24
774 28
775 63
776 5
777 17
778 26
779 66
780 17
781 39
782 39
783 48
784 24
785 39
786 24
787 26
788 17
789 33
790 39
791 48
792 5
793 47
794 20
795 1
796 5
797 20
798 48
799 48
800 39
