65 34 47
52
13
55
1
44
60
16
29
57
17
69
66
23
2
4

1 66
2 23
3 55
4 4
5 4
6 13
7 1
8 23
9 69
10 17
11 66
12 13
13 55
14 13
15 52
16 44
17 4
18 29
19 66
20 52
21 52
22 16
23 55
24 69
25 57
26 55
27 34
28 16
29 52
30 55
31 13
32 55
33 4
34 44
35 66
36 69
37 34
38 4
39 69
40 55
41 52
42 23
43 34
44 60
45 34
46 1
47 29
48 1
49 55
50 1
51 52
52 16
53 4
54 44
55 17
56 23
57 29
58 17
59 34
60 2
61 44
62 2
63 29
64 44
65 2
66 16
67 57
68 60
69 34
70 34
71 66
72 16
73 23
74 66
75 52
76 16
77 69
78 66
79 2
80 17
81 16
82 55
83 29
84 57
85 17
86 34
87 17
88 13
89 16
90 4
91 55
92 69
93 23
94 69
95 52
96 23
97 52
98 44
99 16
100 1
101 57
102 17
103 2
104 23
105 57
106 69
107 13
108 66
109 4
110 29
111 29
112 60
113 60
114 66
115 66
116 44
117 29
118 23
119 60
120 60
121 2
122 65
123 2
124 1
125 52
126 66
127 44
128 1
129 57
130 60
131 23
132 17
133 57
134 60
135 66
136 17
137 23
138 69
139 69
140 69
141 69
142 2
143 4
144 29
145 13
146 16
147 55
148 57
149 1
150 34
151 44
152 23
153 52
154 29
155 55
156 66
157 1
158 69
159 44
160 52
161 29
162 69
163 17
164 34
165 2
166 34
167 1
168 44
169 13
170 52
171 44
172 55
173 29
174 60
175 4
176 66
177 4
178 23
179 66
180 29
181 47
182 2
183 44
184 17
185 55
186 69
187 57
188 57
189 60
190 2
191 55
192 55
193 1
194 2
195 16
196 57
197 60
198 1
199 52
200 29
201 1
202 66
203 60
204 65
205 60
206 57
207 69
208 1
209 29
210 60
211 57
212 66
213 23
214 44
215 57
216 52
217 52
218 1
219 66
220 44
221 1
222 1
223 29
224 13
225 1
226 4
227 47
228 13
229 69
230 16
231 23
232 29
233 66
234 55
235 23
236 57
237 34
238 44
239 23
240 52
241 23
242 16
243 13
244 4
245 1
246 13
247 17
248 34
249 44
250 34
251 4
252 4
253 44
254 34
255 55
256 52
257 4
258 60
259 17
260 23
261 44
262 60
263 60
264 16
265 2
266 23
267 17
268 57
269 2
270 13
271 60
272 69
273 29
274 16
275 4
276 44
277 29
278 4
279 16
280 69
281 1
282 2
283 60
284 17
285 29
286 44
287 1
288 17
289 55
290 16
291 69
292 2
293 57
294 2
295 23
296 13
297 69
298 23
299 34
300 13
301 69
302 44
303 13
304 4
305 55
306 2
307 55
308 1
309 60
310 13
311 60
312 57
313 16
314 4
315 34
316 13
317 16
318 2
319 4
320 60
321 2
322 55
323 17
324 13
325 2
326 16
327 2
328 55
329 66
330 17
331 52
332 57
333 55
334 16
335 57
336 57
337 66
338 29
339 17
340 2
341 17
342 57
343 69
344 60
345 16
346 57
347 60
348 17
349 29
350 69
351 44
352 47
353 44
354 4
355 66
356 52
357 66
358 2
359 57
360 52
361 57
362 29
363 52
364 13
365 23
366 16
367 29
368 1
369 4
370 52
371 4
372 4
373 23
374 23
375 52
376 34
377 29
378 17
379 47
380 66
381 52
382 60
383 17
384 17
385 55
386 13
387 16
388 44
389 1
390 2
391 34
392 66
393 69
394 16
395 17
396 13
397 13
398 13
399 13
400 1
