38 43
41
48 17 18 4
36 75 33 54 52
59 74 68 32
50 57 16 40
56 58
30 15 28 9
67 77
71
37
44
78
21
45
22
5
2
23
66
76
3
62
69
6
63
8
35
25
42
51
79
14

1 56
2 30
3 22
4 30
5 30
6 22
7 30
8 56
9 56
10 78
11 2
12 2
13 45
14 2
15 21
16 2
17 5
18 45
19 2
20 45
21 3
22 3
23 6
24 3
25 3
26 3
27 6
28 6
29 3
30 3
31 3
32 3
33 3
34 69
35 69
36 69
37 3
38 4
39 3
40 3
41 45
42 2
43 5
44 2
45 2
46 5
47 5
48 2
49 45
50 5
51 42
52 21
53 6
54 21
55 6
56 6
57 6
58 21
59 6
60 6
61 45
62 58
63 42
64 6
65 21
66 21
67 21
68 45
69 44
70 44
71 35
72 51
73 51
74 35
75 41
76 51
77 35
78 51
79 8
80 51
81 22
82 5
83 22
84 5
85 5
86 2
87 45
88 22
89 22
90 5
91 42
92 51
93 51
94 51
95 8
96 63
97 63
98 63
99 35
100 51
101 71
102 14
103 32
104 32
105 71
106 71
107 71
108 32
109 32
110 32
111 67
112 5
113 38
114 23
115 23
116 67
117 5
118 23
119 2
120 23
121 69
122 3
123 69
124 3
125 69
126 3
127 3
128 69
129 62
130 69
131 14
132 14
133 14
134 54
135 14
136 14
137 14
138 14
139 14
140 14
141 15
142 15
143 15
144 15
145 15
146 15
147 15
148 15
149 15
150 15
151 37
152 16
153 37
154 16
155 16
156 16
157 37
158 16
159 37
160 16
161 17
162 17
163 62
164 62
165 62
166 62
167 17
168 62
169 17
170 62
171 76
172 76
173 18
174 76
175 76
176 76
177 76
178 18
179 76
180 76
181 38
182 66
183 66
184 66
185 66
186 23
187 66
188 66
189 76
190 66
191 63
192 42
193 52
194 42
195 14
196 42
197 59
198 51
199 63
200 63
201 21
202 6
203 6
204 21
205 6
206 58
207 21
208 6
209 21
210 21
211 2
212 22
213 22
214 22
215 22
216 9
217 22
218 22
219 22
220 22
221 23
222 23
223 5
224 5
225 23
226 67
227 23
228 2
229 23
230 5
231 18
232 76
233 76
234 76
235 76
236 76
237 76
238 18
239 66
240 76
241 25
242 25
243 25
244 25
245 25
246 25
247 25
248 25
249 25
250 25
251 41
252 35
253 63
254 48
255 63
256 35
257 41
258 41
259 41
260 42
261 8
262 35
263 8
264 35
265 51
266 35
267 51
268 35
269 8
270 35
271 67
272 5
273 28
274 5
275 67
276 67
277 67
278 67
279 67
280 15
281 66
282 2
283 5
284 2
285 23
286 23
287 43
288 23
289 5
290 66
291 30
292 22
293 56
294 30
295 22
296 22
297 22
298 30
299 22
300 30
301 22
302 30
303 22
304 22
305 9
306 22
307 44
308 44
309 9
310 22
311 71
312 32
313 32
314 32
315 14
316 32
317 71
318 71
319 32
320 71
321 25
322 79
323 79
324 79
325 25
326 79
327 79
328 33
329 79
330 25
331 78
332 50
333 56
334 78
335 78
336 56
337 56
338 56
339 56
340 56
341 41
342 35
343 35
344 51
345 8
346 51
347 35
348 8
349 63
350 35
351 8
352 36
353 8
354 25
355 79
356 8
357 25
358 25
359 36
360 36
361 37
362 37
363 37
364 37
365 37
366 37
367 37
368 37
369 16
370 37
371 76
372 43
373 66
374 23
375 66
376 38
377 66
378 66
379 23
380 66
381 69
382 41
383 48
384 3
385 3
386 69
387 48
388 48
389 3
390 48
391 44
392 44
393 44
394 44
395 44
396 44
397 44
398 44
399 37
400 40
401 41
402 41
403 35
404 41
405 41
406 41
407 51
408 8
409 8
410 8
411 21
412 6
413 6
414 6
415 42
416 42
417 42
418 42
419 21
420 42
421 43
422 66
423 43
424 43
425 43
426 43
427 43
428 43
429 43
430 43
431 44
432 44
433 44
434 44
435 44
436 44
437 44
438 44
439 44
440 21
441 45
442 45
443 45
444 45
445 21
446 45
447 45
448 2
449 45
450 21
451 62
452 69
453 62
454 69
455 69
456 76
457 17
458 62
459 62
460 17
461 79
462 51
463 8
464 79
465 79
466 8
467 35
468 51
469 8
470 35
471 48
472 41
473 41
474 69
475 3
476 48
477 69
478 41
479 41
480 48
481 8
482 35
483 8
484 35
485 35
486 51
487 51
488 63
489 51
490 35
491 56
492 50
493 50
494 56
495 56
496 78
497 78
498 50
499 50
500 78
501 63
502 63
503 63
504 42
505 63
506 51
507 63
508 51
509 63
510 51
511 42
512 21
513 42
514 52
515 42
516 6
517 42
518 59
519 6
520 6
521 79
522 79
523 54
524 54
525 54
526 79
527 54
528 54
529 79
530 54
531 54
532 14
533 14
534 14
535 79
536 79
537 54
538 54
539 54
540 54
541 79
542 8
543 8
544 79
545 8
546 14
547 8
548 33
549 35
550 79
551 78
552 56
553 78
554 56
555 56
556 56
557 78
558 56
559 56
560 56
561 37
562 16
563 16
564 16
565 57
566 37
567 37
568 37
569 37
570 37
571 45
572 21
573 45
574 6
575 21
576 45
577 45
578 44
579 45
580 21
581 71
582 59
583 59
584 59
585 59
586 59
587 59
588 59
589 59
590 71
591 14
592 14
593 14
594 14
595 14
596 54
597 14
598 14
599 14
600 54
601 23
602 23
603 67
604 23
605 2
606 67
607 67
608 67
609 66
610 23
611 69
612 69
613 62
614 62
615 62
616 62
617 62
618 69
619 62
620 62
621 42
622 63
623 42
624 63
625 42
626 63
627 63
628 51
629 42
630 6
631 44
632 78
633 78
634 56
635 78
636 78
637 78
638 50
639 78
640 78
641 17
642 62
643 17
644 62
645 62
646 69
647 62
648 17
649 62
650 62
651 23
652 23
653 66
654 66
655 38
656 66
657 66
658 66
659 38
660 66
661 23
662 22
663 67
664 23
665 5
666 67
667 5
668 23
669 67
670 67
671 16
672 16
673 16
674 71
675 16
676 37
677 74
678 37
679 71
680 68
681 3
682 4
683 3
684 3
685 3
686 69
687 69
688 69
689 69
690 69
691 45
692 21
693 45
694 6
695 45
696 6
697 45
698 6
699 21
700 21
701 71
702 71
703 32
704 71
705 71
706 71
707 71
708 71
709 74
710 71
711 41
712 41
713 41
714 35
715 41
716 41
717 41
718 41
719 41
720 8
721 2
722 5
723 2
724 5
725 5
726 2
727 2
728 21
729 45
730 67
731 71
732 71
733 71
734 71
735 37
736 71
737 37
738 16
739 32
740 37
741 25
742 25
743 25
744 25
745 25
746 25
747 25
748 25
749 75
750 25
751 76
752 76
753 66
754 76
755 76
756 62
757 76
758 76
759 69
760 76
761 23
762 2
763 2
764 77
765 5
766 67
767 5
768 2
769 2
770 66
771 78
772 78
773 78
774 44
775 78
776 78
777 78
778 78
779 44
780 78
781 79
782 79
783 35
784 79
785 14
786 8
787 79
788 79
789 8
790 79
791 63
792 63
793 42
794 42
795 63
796 42
797 51
798 63
799 63
800 42
