43 34 29 9
12
47
16
64
55
65
80

1 80
2 65
3 80
4 65
5 65
6 12
7 47
8 80
9 47
10 65
11 47
12 12
13 65
14 64
15 65
16 55
17 80
18 12
19 34
20 34
21 80
22 47
23 64
24 80
25 64
26 64
27 34
28 16
29 80
30 47
31 47
32 80
33 55
34 64
35 64
36 47
37 47
38 47
39 43
40 34
41 80
42 47
43 64
44 9
45 12
46 9
47 47
48 34
49 55
50 16
51 34
52 47
53 64
54 55
55 55
56 16
57 65
58 64
59 80
60 55
61 55
62 65
63 65
64 55
65 47
66 12
67 80
68 16
69 12
70 55
71 34
72 55
73 34
74 64
75 16
76 64
77 16
78 80
79 55
80 16
81 12
82 55
83 16
84 80
85 55
86 16
87 64
88 80
89 80
90 47
91 55
92 80
93 65
94 80
95 64
96 80
97 16
98 80
99 65
100 12
101 55
102 34
103 34
104 16
105 47
106 64
107 65
108 16
109 12
110 47
111 80
112 64
113 55
114 80
115 65
116 43
117 80
118 65
119 16
120 34
121 47
122 47
123 16
124 80
125 16
126 34
127 16
128 16
129 64
130 65
131 9
132 47
133 80
134 65
135 47
136 65
137 47
138 12
139 64
140 16
141 64
142 16
143 65
144 12
145 47
146 12
147 34
148 12
149 64
150 16
151 65
152 34
153 12
154 65
155 55
156 65
157 34
158 34
159 80
160 64
161 64
162 80
163 64
164 64
165 47
166 47
167 12
168 47
169 16
170 64
171 80
172 16
173 64
174 34
175 47
176 65
177 12
178 16
179 55
180 16
181 16
182 65
183 64
184 16
185 16
186 12
187 12
188 64
189 34
190 64
191 65
192 65
193 55
194 9
195 16
196 80
197 55
198 55
199 47
200 65
201 34
202 65
203 12
204 12
205 47
206 16
207 80
208 12
209 12
210 65
211 43
212 12
213 12
214 64
215 65
216 65
217 47
218 9
219 16
220 47
221 47
222 47
223 65
224 16
225 80
226 55
227 55
228 12
229 80
230 34
231 55
232 16
233 47
234 55
235 55
236 12
237 34
238 65
239 55
240 55
241 55
242 64
243 34
244 34
245 80
246 12
247 12
248 55
249 16
250 16
251 47
252 64
253 47
254 64
255 16
256 64
257 64
258 47
259 80
260 12
261 80
262 12
263 16
264 64
265 47
266 55
267 16
268 65
269 64
270 47
271 12
272 64
273 55
274 12
275 12
276 64
277 64
278 47
279 55
280 12
281 65
282 55
283 65
284 65
285 16
286 80
287 47
288 47
289 65
290 16
291 55
292 55
293 55
294 65
295 16
296 55
297 47
298 12
299 80
300 34
301 34
302 65
303 64
304 12
305 34
306 65
307 55
308 34
309 55
310 16
311 65
312 34
313 55
314 47
315 55
316 80
317 47
318 64
319 80
320 47
321 16
322 55
323 65
324 55
325 12
326 16
327 65
328 47
329 12
330 12
331 55
332 80
333 16
334 80
335 64
336 64
337 80
338 34
339 65
340 80
341 55
342 12
343 34
344 80
345 47
346 64
347 34
348 12
349 80
350 12
351 12
352 16
353 34
354 34
355 55
356 80
357 34
358 64
359 65
360 9
361 16
362 12
363 65
364 64
365 9
366 80
367 47
368 12
369 29
370 65
371 16
372 65
373 34
374 16
375 80
376 43
377 34
378 12
379 43
380 64
381 80
382 55
383 64
384 55
385 65
386 34
387 12
388 12
389 55
390 47
391 80
392 12
393 12
394 64
395 47
396 65
397 16
398 16
399 80
400 64
