32 59
74 68 16 57 50
31 30 15
28 43 38
4 46 65 48 41
25 36
33 52
71
37
40
64
21
58
1
22
5
2
23
77
66
18
3
62
69
6
26
63
8
35
42
51
54
14

1 1
2 1
3 1
4 1
5 1
6 22
7 31
8 1
9 1
10 1
11 2
12 5
13 5
14 2
15 21
16 5
17 2
18 2
19 2
20 58
21 3
22 69
23 6
24 3
25 3
26 4
27 6
28 6
29 69
30 3
31 3
32 69
33 3
34 69
35 69
36 69
37 3
38 4
39 69
40 69
41 2
42 2
43 77
44 2
45 2
46 2
47 77
48 2
49 2
50 5
51 6
52 21
53 6
54 6
55 6
56 6
57 6
58 6
59 6
60 42
61 58
62 58
63 42
64 6
65 21
66 21
67 58
68 58
69 58
70 58
71 35
72 35
73 35
74 35
75 41
76 8
77 35
78 8
79 8
80 51
81 22
82 5
83 1
84 5
85 5
86 5
87 22
88 22
89 22
90 28
91 42
92 51
93 51
94 51
95 8
96 63
97 63
98 63
99 35
100 51
101 71
102 14
103 32
104 32
105 32
106 71
107 71
108 32
109 71
110 32
111 43
112 5
113 23
114 23
115 23
116 23
117 2
118 23
119 77
120 23
121 69
122 69
123 3
124 3
125 69
126 69
127 3
128 3
129 62
130 3
131 14
132 14
133 14
134 14
135 14
136 14
137 14
138 14
139 14
140 14
141 15
142 28
143 15
144 15
145 15
146 15
147 15
148 15
149 15
150 15
151 37
152 16
153 37
154 16
155 16
156 37
157 37
158 16
159 37
160 16
161 65
162 65
163 62
164 62
165 62
166 62
167 18
168 62
169 65
170 62
171 18
172 18
173 18
174 18
175 18
176 66
177 18
178 18
179 18
180 18
181 77
182 66
183 77
184 66
185 66
186 23
187 66
188 66
189 66
190 66
191 63
192 42
193 52
194 42
195 14
196 42
197 59
198 51
199 63
200 63
201 6
202 21
203 42
204 6
205 42
206 21
207 21
208 21
209 6
210 6
211 5
212 22
213 22
214 22
215 22
216 22
217 31
218 22
219 22
220 31
221 77
222 23
223 5
224 77
225 28
226 23
227 77
228 2
229 77
230 5
231 18
232 18
233 18
234 18
235 18
236 66
237 18
238 18
239 66
240 18
241 25
242 25
243 33
244 25
245 25
246 33
247 33
248 33
249 25
250 25
251 26
252 51
253 63
254 26
255 63
256 35
257 26
258 26
259 26
260 42
261 35
262 35
263 8
264 35
265 51
266 35
267 51
268 35
269 8
270 8
271 28
272 5
273 28
274 5
275 28
276 28
277 28
278 28
279 28
280 28
281 77
282 77
283 77
284 5
285 23
286 77
287 43
288 77
289 5
290 77
291 1
292 22
293 1
294 30
295 22
296 22
297 22
298 30
299 22
300 1
301 22
302 1
303 22
304 22
305 22
306 22
307 31
308 31
309 22
310 22
311 71
312 32
313 32
314 32
315 14
316 32
317 71
318 71
319 32
320 71
321 33
322 33
323 54
324 54
325 33
326 54
327 54
328 33
329 54
330 33
331 1
332 50
333 64
334 64
335 1
336 64
337 1
338 64
339 64
340 64
341 35
342 35
343 51
344 51
345 26
346 8
347 35
348 35
349 63
350 35
351 8
352 36
353 8
354 25
355 33
356 8
357 25
358 25
359 36
360 36
361 37
362 37
363 37
364 37
365 37
366 37
367 37
368 37
369 37
370 37
371 66
372 43
373 66
374 23
375 66
376 66
377 66
378 66
379 23
380 38
381 3
382 26
383 26
384 3
385 3
386 69
387 26
388 26
389 3
390 26
391 40
392 40
393 40
394 40
395 40
396 40
397 40
398 40
399 40
400 37
401 26
402 41
403 35
404 26
405 26
406 26
407 51
408 35
409 8
410 26
411 21
412 21
413 21
414 6
415 21
416 42
417 42
418 42
419 42
420 21
421 43
422 66
423 43
424 43
425 43
426 43
427 43
428 43
429 43
430 43
431 59
432 58
433 40
434 40
435 40
436 40
437 40
438 58
439 40
440 58
441 58
442 21
443 31
444 22
445 58
446 58
447 21
448 58
449 58
450 58
451 62
452 69
453 62
454 69
455 69
456 18
457 46
458 62
459 62
460 65
461 54
462 51
463 35
464 54
465 33
466 8
467 35
468 51
469 8
470 35
471 48
472 41
473 26
474 3
475 3
476 48
477 69
478 26
479 41
480 48
481 51
482 51
483 51
484 51
485 26
486 51
487 51
488 63
489 51
490 8
491 64
492 50
493 64
494 64
495 50
496 64
497 64
498 50
499 64
500 40
501 63
502 63
503 63
504 42
505 63
506 51
507 63
508 51
509 63
510 51
511 42
512 21
513 21
514 52
515 42
516 6
517 42
518 59
519 21
520 42
521 33
522 54
523 54
524 54
525 54
526 54
527 54
528 54
529 54
530 54
531 54
532 14
533 14
534 14
535 8
536 54
537 54
538 54
539 33
540 54
541 8
542 8
543 8
544 33
545 8
546 33
547 8
548 33
549 35
550 33
551 64
552 64
553 64
554 1
555 1
556 1
557 1
558 1
559 1
560 1
561 37
562 16
563 16
564 16
565 57
566 37
567 37
568 37
569 37
570 37
571 58
572 21
573 58
574 21
575 58
576 58
577 58
578 58
579 58
580 21
581 59
582 59
583 59
584 59
585 59
586 59
587 59
588 59
589 40
590 71
591 14
592 14
593 14
594 14
595 14
596 14
597 54
598 14
599 14
600 54
601 23
602 23
603 77
604 77
605 5
606 23
607 23
608 77
609 23
610 77
611 69
612 69
613 62
614 62
615 62
616 62
617 62
618 69
619 62
620 62
621 42
622 63
623 42
624 63
625 42
626 6
627 63
628 42
629 6
630 6
631 40
632 40
633 64
634 64
635 64
636 40
637 64
638 64
639 40
640 64
641 65
642 62
643 65
644 62
645 62
646 69
647 62
648 65
649 62
650 62
651 23
652 77
653 66
654 66
655 66
656 66
657 23
658 66
659 66
660 23
661 77
662 5
663 23
664 23
665 5
666 23
667 77
668 23
669 28
670 23
671 16
672 16
673 16
674 71
675 16
676 37
677 74
678 37
679 74
680 68
681 3
682 3
683 69
684 3
685 3
686 69
687 3
688 69
689 3
690 3
691 21
692 58
693 58
694 21
695 21
696 6
697 2
698 21
699 6
700 6
701 71
702 71
703 71
704 71
705 74
706 71
707 71
708 71
709 71
710 71
711 41
712 26
713 41
714 35
715 26
716 26
717 26
718 26
719 41
720 26
721 2
722 2
723 2
724 5
725 5
726 5
727 5
728 6
729 2
730 2
731 71
732 71
733 71
734 74
735 37
736 74
737 71
738 16
739 71
740 71
741 25
742 25
743 25
744 25
745 25
746 25
747 25
748 25
749 25
750 25
751 18
752 18
753 66
754 18
755 18
756 62
757 18
758 18
759 69
760 66
761 77
762 2
763 2
764 77
765 5
766 2
767 5
768 2
769 2
770 77
771 40
772 1
773 64
774 40
775 64
776 40
777 64
778 64
779 40
780 1
781 54
782 33
783 8
784 8
785 14
786 8
787 54
788 35
789 8
790 33
791 63
792 63
793 63
794 42
795 63
796 42
797 51
798 63
799 63
800 42
