51 32 58 72
12 2
50 44 62
33
76
70
31
78
61
15
45
66
42
60
14
19
23
1
6
69
25
53
43
39
10
79
57
9
18
11
67
22

1 70
2 45
3 60
4 1
5 1
6 19
7 69
8 1
9 19
10 23
11 23
12 2
13 66
14 23
15 45
16 66
17 12
18 66
19 15
20 45
21 69
22 69
23 69
24 6
25 25
26 53
27 50
28 53
29 53
30 69
31 53
32 79
33 39
34 53
35 69
36 39
37 25
38 39
39 53
40 53
41 22
42 58
43 78
44 33
45 78
46 45
47 9
48 15
49 42
50 78
51 6
52 69
53 69
54 14
55 69
56 1
57 42
58 42
59 14
60 69
61 33
62 22
63 33
64 33
65 76
66 22
67 67
68 9
69 33
70 18
71 25
72 25
73 44
74 25
75 62
76 50
77 25
78 53
79 50
80 50
81 70
82 9
83 43
84 19
85 70
86 67
87 9
88 79
89 11
90 79
91 57
92 10
93 10
94 67
95 11
96 57
97 11
98 10
99 43
100 10
101 11
102 76
103 11
104 22
105 19
106 14
107 76
108 57
109 14
110 43
111 12
112 1
113 12
114 66
115 66
116 12
117 66
118 12
119 45
120 6
121 66
122 14
123 45
124 66
125 66
126 66
127 45
128 12
129 45
130 1
131 22
132 42
133 19
134 23
135 70
136 70
137 23
138 11
139 15
140 11
141 15
142 23
143 23
144 60
145 61
146 60
147 14
148 43
149 23
150 15
151 14
152 18
153 18
154 10
155 11
156 18
157 9
158 10
159 22
160 57
161 62
162 39
163 69
164 25
165 69
166 44
167 39
168 25
169 69
170 25
171 60
172 57
173 43
174 18
175 22
176 76
177 19
178 60
179 67
180 9
181 70
182 60
183 67
184 70
185 67
186 70
187 70
188 14
189 70
190 60
191 1
192 6
193 6
194 1
195 12
196 6
197 6
198 60
199 6
200 60
201 22
202 45
203 15
204 79
205 60
206 14
207 45
208 31
209 19
210 19
211 67
212 11
213 33
214 61
215 19
216 67
217 67
218 19
219 57
220 57
221 23
222 76
223 61
224 79
225 76
226 45
227 15
228 23
229 79
230 11
231 11
232 70
233 42
234 60
235 19
236 42
237 61
238 42
239 15
240 18
241 53
242 6
243 76
244 9
245 69
246 69
247 39
248 53
249 39
250 19
251 42
252 42
253 61
254 61
255 31
256 78
257 31
258 33
259 15
260 45
261 23
262 69
263 6
264 12
265 12
266 6
267 12
268 15
269 79
270 42
271 25
272 1
273 25
274 50
275 69
276 23
277 50
278 1
279 25
280 6
281 67
282 76
283 33
284 11
285 45
286 11
287 33
288 51
289 76
290 19
291 76
292 51
293 22
294 33
295 76
296 57
297 33
298 43
299 42
300 33
301 11
302 76
303 15
304 33
305 31
306 33
307 70
308 15
309 22
310 31
311 32
312 58
313 61
314 58
315 58
316 32
317 58
318 58
319 31
320 58
321 33
322 22
323 33
324 67
325 22
326 57
327 15
328 76
329 33
330 9
331 78
332 66
333 12
334 66
335 12
336 12
337 66
338 42
339 6
340 42
341 23
342 19
343 14
344 61
345 66
346 66
347 12
348 66
349 15
350 66
351 61
352 61
353 58
354 58
355 61
356 31
357 31
358 67
359 31
360 58
361 10
362 18
363 14
364 10
365 57
366 18
367 18
368 18
369 57
370 11
371 9
372 18
373 79
374 10
375 79
376 9
377 57
378 10
379 9
380 57
381 57
382 11
383 57
384 43
385 43
386 79
387 79
388 18
389 18
390 18
391 39
392 69
393 43
394 39
395 39
396 57
397 39
398 53
399 53
400 43
401 14
402 60
403 61
404 78
405 45
406 61
407 60
408 11
409 78
410 45
411 70
412 76
413 19
414 61
415 19
416 45
417 31
418 23
419 78
420 45
421 15
422 60
423 43
424 43
425 43
426 79
427 79
428 22
429 9
430 11
431 39
432 50
433 25
434 25
435 50
436 53
437 69
438 50
439 25
440 25
441 22
442 19
443 45
444 15
445 78
446 9
447 19
448 1
449 70
450 70
451 19
452 31
453 45
454 31
455 31
456 33
457 61
458 61
459 61
460 31
461 57
462 18
463 76
464 9
465 67
466 10
467 70
468 51
469 51
470 18
471 42
472 69
473 6
474 1
475 6
476 6
477 53
478 70
479 23
480 25
481 10
482 57
483 67
484 10
485 67
486 18
487 10
488 10
489 43
490 10
491 25
492 25
493 50
494 50
495 50
496 69
497 25
498 25
499 25
500 50
501 18
502 33
503 33
504 51
505 22
506 9
507 57
508 10
509 76
510 51
511 42
512 31
513 42
514 76
515 76
516 2
517 78
518 78
519 23
520 60
521 39
522 18
523 14
524 39
525 39
526 53
527 53
528 79
529 43
530 57
531 1
532 23
533 14
534 14
535 6
536 60
537 42
538 60
539 6
540 60
541 23
542 12
543 12
544 12
545 66
546 12
547 66
548 66
549 1
550 23
551 53
552 39
553 53
554 25
555 43
556 39
557 53
558 25
559 50
560 39
561 14
562 15
563 79
564 15
565 67
566 9
567 19
568 57
569 39
570 15
571 58
572 58
573 58
574 31
575 31
576 31
577 31
578 60
579 67
580 31
581 6
582 12
583 42
584 23
585 12
586 1
587 12
588 12
589 6
590 6
591 79
592 76
593 78
594 11
595 19
596 70
597 79
598 14
599 19
600 60
601 76
602 78
603 31
604 61
605 9
606 76
607 67
608 67
609 78
610 42
611 43
612 62
613 62
614 62
615 39
616 62
617 62
618 39
619 43
620 39
621 61
622 61
623 78
624 22
625 33
626 58
627 45
628 61
629 72
630 61
631 18
632 10
633 22
634 67
635 18
636 67
637 57
638 10
639 33
640 67
641 67
642 39
643 76
644 43
645 79
646 9
647 43
648 70
649 22
650 22
651 42
652 1
653 42
654 61
655 15
656 78
657 42
658 70
659 79
660 42
661 57
662 11
663 22
664 15
665 33
666 33
667 67
668 76
669 70
670 14
671 61
672 19
673 22
674 11
675 79
676 45
677 33
678 22
679 78
680 14
681 1
682 60
683 53
684 60
685 6
686 1
687 6
688 23
689 53
690 69
691 11
692 22
693 76
694 14
695 78
696 14
697 23
698 45
699 79
700 43
701 1
702 39
703 70
704 9
705 39
706 9
707 53
708 43
709 11
710 18
711 31
712 58
713 23
714 66
715 78
716 15
717 31
718 31
719 61
720 31
721 66
722 66
723 66
724 1
725 42
726 45
727 15
728 66
729 23
730 78
731 1
732 53
733 53
734 50
735 69
736 43
737 69
738 53
739 6
740 60
741 6
742 69
743 1
744 50
745 12
746 9
747 25
748 1
749 1
750 1
751 79
752 19
753 18
754 57
755 14
756 11
757 70
758 57
759 9
760 14
761 78
762 60
763 60
764 78
765 45
766 78
767 23
768 14
769 78
770 45
771 19
772 67
773 79
774 22
775 15
776 76
777 79
778 14
779 9
780 78
781 70
782 15
783 9
784 43
785 79
786 9
787 42
788 22
789 11
790 70
791 10
792 18
793 10
794 10
795 18
796 51
797 10
798 10
799 43
800 10
