46 55 42 37 71 32
4 75 65 78
66 14
21
3
59
35
52

1 75
2 78
3 75
4 35
5 52
6 55
7 21
8 55
9 55
10 55
11 59
12 59
13 3
14 3
15 35
16 75
17 75
18 75
19 3
20 75
21 3
22 3
23 3
24 3
25 35
26 35
27 21
28 21
29 14
30 52
31 3
32 3
33 3
34 71
35 71
36 3
37 59
38 52
39 59
40 3
41 21
42 21
43 21
44 52
45 21
46 35
47 21
48 52
49 21
50 35
51 14
52 59
53 35
54 59
55 78
56 35
57 35
58 35
59 59
60 59
61 59
62 52
63 35
64 75
65 3
66 14
67 14
68 14
69 52
70 14
71 21
72 59
73 52
74 52
75 3
76 35
77 14
78 59
79 52
80 35
81 59
82 21
83 3
84 59
85 21
86 52
87 52
88 52
89 14
90 21
91 52
92 35
93 35
94 21
95 52
96 75
97 75
98 75
99 75
100 75
101 35
102 21
103 21
104 21
105 59
106 55
107 55
108 21
109 55
110 37
111 21
112 52
113 14
114 14
115 52
116 59
117 52
118 75
119 59
120 75
121 21
122 52
123 21
124 21
125 21
126 35
127 59
128 35
129 59
130 35
131 3
132 75
133 75
134 75
135 4
136 21
137 55
138 21
139 21
140 55
141 66
142 78
143 52
144 14
145 14
146 71
147 71
148 71
149 3
150 3
151 14
152 35
153 14
154 78
155 35
156 71
157 32
158 3
159 75
160 32
161 3
162 3
163 59
164 59
165 59
166 59
167 75
168 59
169 75
170 59
171 59
172 35
173 35
174 52
175 35
176 3
177 52
178 3
179 3
180 3
181 71
182 3
183 55
184 52
185 21
186 14
187 55
188 35
189 55
190 14
191 21
192 55
193 3
194 21
195 21
196 71
197 3
198 3
199 3
200 71
201 35
202 59
203 59
204 59
205 52
206 42
207 55
208 55
209 55
210 55
211 3
212 3
213 3
214 3
215 71
216 46
217 21
218 55
219 55
220 21
221 35
222 52
223 75
224 35
225 14
226 21
227 21
228 55
229 46
230 14
231 14
232 14
233 78
234 14
235 78
236 14
237 59
238 52
239 14
240 78
241 59
242 78
243 59
244 78
245 75
246 14
247 52
248 59
249 35
250 35
251 52
252 35
253 52
254 59
255 59
256 35
257 35
258 35
259 52
260 52
261 59
262 3
263 3
264 35
265 59
266 21
267 52
268 52
269 21
270 52
271 52
272 55
273 21
274 55
275 52
276 75
277 59
278 14
279 78
280 52
281 14
282 14
283 66
284 14
285 21
286 75
287 35
288 59
289 35
290 35
291 52
292 3
293 52
294 35
295 52
296 55
297 21
298 55
299 55
300 52
301 59
302 59
303 35
304 75
305 75
306 14
307 52
308 52
309 14
310 14
311 32
312 3
313 71
314 3
315 59
316 21
317 3
318 3
319 3
320 3
321 75
322 75
323 65
324 75
325 78
326 14
327 14
328 66
329 66
330 66
331 3
332 59
333 3
334 35
335 35
336 52
337 59
338 59
339 35
340 78
341 52
342 59
343 35
344 35
345 14
346 35
347 59
348 35
349 59
350 14
351 71
352 71
353 21
354 71
355 3
356 52
357 35
358 21
359 35
360 14
361 14
362 52
363 14
364 14
365 14
366 21
367 21
368 55
369 55
370 21
371 75
372 75
373 59
374 75
375 75
376 3
377 3
378 3
379 3
380 71
381 59
382 52
383 21
384 52
385 21
386 75
387 35
388 75
389 75
390 59
391 14
392 14
393 14
394 66
395 14
396 55
397 52
398 21
399 21
400 21
