61 4 50 20
48
39
63
66
17
5
28
24
1
33
59
47
72
65
26

1 63
2 1
3 59
4 63
5 63
6 72
7 33
8 24
9 5
10 47
11 39
12 24
13 47
14 24
15 47
16 28
17 63
18 48
19 65
20 1
21 48
22 33
23 26
24 47
25 39
26 28
27 26
28 26
29 39
30 61
31 65
32 5
33 5
34 66
35 17
36 39
37 72
38 26
39 72
40 66
41 59
42 33
43 24
44 33
45 59
46 26
47 66
48 63
49 65
50 65
51 48
52 48
53 1
54 17
55 17
56 5
57 39
58 72
59 33
60 5
61 61
62 5
63 63
64 47
65 59
66 24
67 39
68 66
69 39
70 63
71 59
72 61
73 48
74 5
75 5
76 66
77 39
78 33
79 33
80 72
81 48
82 39
83 1
84 61
85 65
86 47
87 47
88 28
89 65
90 61
91 61
92 26
93 17
94 66
95 48
96 33
97 66
98 61
99 61
100 61
101 5
102 59
103 61
104 47
105 26
106 28
107 39
108 48
109 20
110 39
111 39
112 4
113 33
114 1
115 39
116 59
117 48
118 72
119 72
120 72
121 47
122 66
123 63
124 47
125 26
126 5
127 39
128 48
129 48
130 33
131 1
132 17
133 63
134 26
135 39
136 48
137 47
138 47
139 17
140 17
141 72
142 47
143 5
144 33
145 24
146 33
147 48
148 48
149 1
150 26
151 63
152 5
153 47
154 66
155 61
156 33
157 17
158 28
159 72
160 63
161 48
162 65
163 1
164 72
165 1
166 48
167 28
168 66
169 72
170 1
171 39
172 33
173 66
174 17
175 72
176 63
177 63
178 24
179 65
180 47
181 48
182 47
183 20
184 28
185 1
186 33
187 47
188 33
189 17
190 17
191 20
192 26
193 24
194 5
195 17
196 72
197 47
198 33
199 65
200 39
201 24
202 5
203 17
204 65
205 47
206 48
207 28
208 72
209 17
210 39
211 59
212 72
213 5
214 72
215 17
216 5
217 72
218 17
219 66
220 63
221 66
222 61
223 1
224 72
225 63
226 5
227 33
228 33
229 61
230 33
231 17
232 72
233 20
234 47
235 26
236 59
237 28
238 28
239 33
240 59
241 28
242 5
243 63
244 28
245 17
246 5
247 28
248 48
249 61
250 47
251 47
252 61
253 17
254 63
255 65
256 39
257 24
258 26
259 59
260 59
261 20
262 26
263 24
264 65
265 72
266 17
267 66
268 65
269 48
270 1
271 24
272 65
273 61
274 5
275 28
276 26
277 48
278 63
279 66
280 59
281 65
282 65
283 72
284 33
285 59
286 66
287 65
288 59
289 59
290 59
291 17
292 65
293 33
294 47
295 66
296 26
297 26
298 72
299 28
300 28
301 72
302 28
303 39
304 48
305 39
306 5
307 61
308 47
309 47
310 72
311 48
312 59
313 65
314 65
315 26
316 47
317 5
318 63
319 28
320 24
321 66
322 61
323 66
324 33
325 33
326 66
327 66
328 65
329 17
330 33
331 39
332 26
333 20
334 63
335 66
336 48
337 5
338 26
339 47
340 28
341 47
342 48
343 47
344 20
345 5
346 1
347 17
348 48
349 72
350 1
351 5
352 63
353 59
354 24
355 65
356 17
357 59
358 63
359 48
360 5
361 17
362 33
363 26
364 63
365 1
366 1
367 4
368 39
369 48
370 63
371 48
372 33
373 28
374 1
375 1
376 48
377 28
378 28
379 33
380 65
381 24
382 26
383 17
384 24
385 26
386 17
387 48
388 39
389 63
390 24
391 5
392 33
393 26
394 39
395 66
396 39
397 65
398 65
399 39
400 28
401 26
402 59
403 24
404 26
405 24
406 5
407 33
408 47
409 66
410 39
411 65
412 28
413 39
414 24
415 47
416 39
417 28
418 72
419 39
420 17
421 24
422 33
423 66
424 48
425 33
426 17
427 24
428 20
429 28
430 59
431 63
432 65
433 17
434 66
435 26
436 24
437 28
438 66
439 26
440 48
441 1
442 65
443 72
444 47
445 63
446 33
447 28
448 39
449 17
450 26
451 72
452 1
453 24
454 5
455 26
456 33
457 17
458 61
459 47
460 1
461 5
462 28
463 72
464 61
465 33
466 63
467 5
468 65
469 72
470 72
471 66
472 66
473 48
474 1
475 26
476 65
477 59
478 28
479 72
480 63
481 65
482 26
483 1
484 66
485 26
486 65
487 1
488 28
489 24
490 47
491 33
492 61
493 72
494 66
495 48
496 5
497 48
498 47
499 59
500 26
501 63
502 24
503 63
504 72
505 5
506 59
507 1
508 66
509 1
510 66
511 61
512 59
513 47
514 59
515 47
516 17
517 39
518 63
519 65
520 5
521 1
522 65
523 26
524 66
525 5
526 33
527 17
528 72
529 48
530 47
531 1
532 5
533 72
534 72
535 39
536 61
537 26
538 59
539 63
540 59
541 28
542 17
543 66
544 33
545 17
546 28
547 65
548 26
549 63
550 47
551 66
552 26
553 24
554 33
555 50
556 5
557 66
558 5
559 48
560 39
561 65
562 39
563 39
564 26
565 61
566 28
567 24
568 65
569 26
570 28
571 5
572 5
573 1
574 59
575 63
576 17
577 26
578 66
579 1
580 39
581 61
582 65
583 1
584 17
585 1
586 24
587 63
588 17
589 26
590 63
591 63
592 59
593 17
594 47
595 59
596 24
597 66
598 39
599 61
600 24
601 61
602 65
603 24
604 59
605 39
606 72
607 47
608 39
609 28
610 72
611 65
612 33
613 61
614 39
615 63
616 72
617 28
618 1
619 48
620 61
621 17
622 66
623 72
624 39
625 33
626 17
627 5
628 24
629 59
630 48
631 59
632 39
633 72
634 24
635 48
636 65
637 24
638 63
639 59
640 17
641 28
642 48
643 28
644 63
645 59
646 65
647 26
648 1
649 59
650 47
651 47
652 48
653 26
654 48
655 17
656 72
657 72
658 33
659 24
660 1
661 63
662 72
663 72
664 33
665 26
666 39
667 33
668 48
669 47
670 24
671 47
672 48
673 24
674 61
675 5
676 48
677 39
678 63
679 26
680 24
681 72
682 65
683 26
684 24
685 39
686 48
687 59
688 1
689 47
690 33
691 24
692 17
693 47
694 28
695 63
696 63
697 59
698 28
699 20
700 5
701 61
702 65
703 26
704 1
705 24
706 61
707 1
708 4
709 24
710 65
711 63
712 66
713 59
714 5
715 65
716 66
717 63
718 5
719 5
720 28
721 33
722 48
723 5
724 5
725 59
726 61
727 1
728 47
729 1
730 39
731 47
732 66
733 1
734 1
735 59
736 66
737 1
738 1
739 1
740 24
741 59
742 59
743 65
744 1
745 59
746 61
747 47
748 63
749 24
750 28
751 66
752 28
753 24
754 28
755 48
756 1
757 66
758 39
759 28
760 24
761 17
762 28
763 28
764 5
765 24
766 66
767 26
768 17
769 72
770 66
771 1
772 59
773 17
774 65
775 33
776 5
777 28
778 63
779 65
780 26
781 63
782 66
783 59
784 28
785 1
786 59
787 24
788 17
789 33
790 39
791 17
792 61
793 66
794 20
795 33
796 24
797 20
798 65
799 72
800 59
