43 34 29 9
12
47
16
64
55
65
80

1 12
2 64
3 12
4 64
5 80
6 34
7 47
8 55
9 12
10 34
11 55
12 64
13 47
14 80
15 55
16 64
17 55
18 65
19 34
20 80
21 55
22 55
23 34
24 47
25 16
26 65
27 80
28 80
29 55
30 12
31 16
32 64
33 34
34 34
35 55
36 12
37 64
38 16
39 43
40 47
41 12
42 34
43 65
44 80
45 47
46 9
47 16
48 80
49 47
50 64
51 47
52 47
53 64
54 65
55 12
56 80
57 55
58 34
59 80
60 65
61 47
62 12
63 80
64 80
65 55
66 16
67 12
68 80
69 65
70 80
71 16
72 47
73 80
74 55
75 12
76 55
77 55
78 12
79 80
80 12
81 47
82 64
83 80
84 34
85 47
86 43
87 16
88 34
89 65
90 16
91 16
92 80
93 64
94 12
95 12
96 65
97 12
98 12
99 16
100 80
101 55
102 34
103 34
104 65
105 55
106 64
107 65
108 12
109 34
110 80
111 47
112 47
113 55
114 80
115 12
116 43
117 55
118 16
119 12
120 34
121 55
122 47
123 47
124 65
125 12
126 16
127 80
128 65
129 47
130 64
131 80
132 16
133 47
134 55
135 16
136 43
137 64
138 34
139 16
140 16
141 55
142 80
143 16
144 16
145 55
146 12
147 12
148 65
149 64
150 64
151 47
152 47
153 47
154 12
155 12
156 12
157 64
158 34
159 80
160 55
161 47
162 47
163 55
164 12
165 65
166 34
167 64
168 55
169 34
170 55
171 80
172 64
173 55
174 16
175 64
176 64
177 65
178 64
179 12
180 16
181 65
182 64
183 80
184 64
185 12
186 64
187 64
188 65
189 34
190 55
191 65
192 16
193 12
194 80
195 34
196 12
197 16
198 12
199 55
200 47
201 34
202 47
203 65
204 47
205 80
206 12
207 80
208 34
209 47
210 64
211 43
212 47
213 64
214 47
215 80
216 64
217 12
218 9
219 55
220 12
221 55
222 34
223 80
224 47
225 16
226 80
227 80
228 16
229 12
230 47
231 65
232 47
233 34
234 55
235 65
236 55
237 47
238 16
239 47
240 65
241 16
242 64
243 47
244 64
245 55
246 16
247 47
248 16
249 64
250 34
251 47
252 65
253 47
254 64
255 12
256 16
257 12
258 16
259 55
260 12
261 65
262 55
263 12
264 65
265 80
266 47
267 64
268 47
269 65
270 47
271 65
272 47
273 34
274 65
275 34
276 80
277 64
278 55
279 64
280 47
281 16
282 64
283 64
284 65
285 16
286 16
287 16
288 80
289 64
290 65
291 47
292 64
293 12
294 55
295 65
296 65
297 16
298 55
299 12
300 80
301 16
302 47
303 34
304 12
305 34
306 55
307 64
308 16
309 47
310 64
311 47
312 34
313 12
314 64
315 65
316 16
317 47
318 12
319 80
320 34
321 47
322 12
323 80
324 65
325 55
326 65
327 34
328 65
329 16
330 16
331 80
332 16
333 65
334 65
335 16
336 55
337 16
338 34
339 16
340 55
341 43
342 80
343 55
344 65
345 16
346 16
347 16
348 34
349 64
350 65
351 12
352 80
353 34
354 34
355 65
356 64
357 55
358 65
359 34
360 9
361 64
362 64
363 16
364 80
365 80
366 80
367 65
368 12
369 29
370 64
371 65
372 80
373 65
374 55
375 47
376 43
377 55
378 80
379 65
380 64
381 65
382 55
383 55
384 55
385 80
386 80
387 16
388 64
389 16
390 65
391 64
392 65
393 55
394 12
395 80
396 12
397 34
398 12
399 34
400 65
