8 7
61 39 28
73 68 9 77 56 67
34
36
69
60
31
16
19
70
57
76
17
58
6

1 76
2 68
3 57
4 17
5 68
6 76
7 70
8 76
9 68
10 76
11 70
12 76
13 17
14 57
15 76
16 17
17 70
18 57
19 76
20 57
21 34
22 58
23 58
24 58
25 6
26 6
27 58
28 57
29 58
30 36
31 69
32 6
33 7
34 7
35 34
36 69
37 36
38 34
39 69
40 60
41 6
42 70
43 70
44 76
45 76
46 70
47 76
48 19
49 57
50 57
51 70
52 6
53 6
54 69
55 6
56 58
57 70
58 17
59 19
60 6
61 6
62 7
63 7
64 7
65 7
66 7
67 7
68 7
69 7
70 7
71 6
72 17
73 36
74 36
75 7
76 8
77 34
78 34
79 36
80 6
81 68
82 9
83 57
84 70
85 76
86 68
87 68
88 68
89 68
90 17
91 19
92 19
93 70
94 19
95 17
96 69
97 19
98 70
99 19
100 19
101 73
102 68
103 68
104 68
105 68
106 19
107 68
108 68
109 16
110 16
111 58
112 70
113 34
114 58
115 57
116 58
117 36
118 34
119 70
120 58
121 31
122 19
123 19
124 6
125 57
126 19
127 70
128 17
129 70
130 70
131 39
132 16
133 39
134 39
135 16
136 60
137 16
138 39
139 39
140 16
141 34
142 34
143 36
144 8
145 69
146 34
147 34
148 60
149 36
150 34
151 57
152 70
153 16
154 31
155 16
156 16
157 31
158 60
159 16
160 16
161 70
162 19
163 57
164 6
165 6
166 17
167 19
168 17
169 6
170 31
171 39
172 73
173 70
174 39
175 19
176 31
177 16
178 16
179 69
180 39
181 6
182 70
183 17
184 76
185 6
186 60
187 19
188 57
189 17
190 57
191 16
192 39
193 69
194 39
195 39
196 16
197 16
198 39
199 31
200 39
201 58
202 70
203 36
204 17
205 6
206 6
207 58
208 34
209 58
210 6
211 31
212 16
213 16
214 31
215 31
216 57
217 19
218 16
219 31
220 60
221 69
222 39
223 31
224 16
225 60
226 60
227 28
228 69
229 31
230 16
231 6
232 6
233 60
234 34
235 6
236 70
237 17
238 69
239 69
240 6
241 76
242 19
243 57
244 76
245 19
246 19
247 57
248 76
249 76
250 19
251 69
252 39
253 69
254 31
255 69
256 60
257 60
258 60
259 7
260 69
261 34
262 56
263 56
264 17
265 58
266 58
267 76
268 58
269 58
270 58
271 7
272 60
273 28
274 6
275 36
276 31
277 31
278 69
279 69
280 17
281 31
282 39
283 31
284 16
285 16
286 16
287 16
288 31
289 39
290 16
291 36
292 7
293 36
294 36
295 36
296 69
297 7
298 7
299 36
300 69
301 70
302 31
303 36
304 19
305 31
306 57
307 57
308 60
309 31
310 6
311 7
312 7
313 36
314 7
315 34
316 7
317 7
318 7
319 7
320 36
321 34
322 69
323 6
324 31
325 60
326 34
327 36
328 7
329 36
330 34
331 70
332 69
333 7
334 36
335 70
336 6
337 36
338 36
339 34
340 34
341 19
342 70
343 19
344 76
345 17
346 57
347 31
348 31
349 31
350 31
351 60
352 60
353 60
354 36
355 60
356 60
357 60
358 6
359 6
360 58
361 69
362 60
363 69
364 34
365 69
366 17
367 36
368 60
369 60
370 36
371 69
372 60
373 60
374 69
375 16
376 69
377 16
378 69
379 69
380 16
381 39
382 31
383 39
384 39
385 39
386 31
387 39
388 39
389 39
390 16
391 56
392 17
393 77
394 56
395 76
396 56
397 76
398 57
399 68
400 36
401 39
402 31
403 39
404 16
405 16
406 31
407 16
408 31
409 39
410 16
411 76
412 76
413 58
414 19
415 19
416 57
417 57
418 70
419 57
420 57
421 36
422 70
423 57
424 57
425 6
426 58
427 58
428 17
429 17
430 58
431 34
432 8
433 36
434 34
435 34
436 34
437 34
438 8
439 34
440 34
441 34
442 34
443 36
444 36
445 69
446 7
447 69
448 34
449 69
450 36
451 39
452 39
453 39
454 69
455 60
456 39
457 39
458 69
459 39
460 39
461 70
462 58
463 19
464 57
465 36
466 17
467 36
468 70
469 6
470 6
471 17
472 70
473 17
474 58
475 70
476 76
477 57
478 57
479 56
480 19
481 31
482 31
483 70
484 31
485 73
486 16
487 31
488 16
489 17
490 16
491 19
492 57
493 60
494 70
495 60
496 57
497 19
498 70
499 17
500 57
501 6
502 16
503 76
504 57
505 17
506 76
507 76
508 68
509 57
510 76
511 34
512 69
513 7
514 34
515 34
516 60
517 8
518 7
519 36
520 60
521 58
522 58
523 58
524 58
525 58
526 67
527 58
528 58
529 58
530 58
531 6
532 19
533 69
534 16
535 60
536 36
537 16
538 6
539 16
540 60
541 69
542 36
543 60
544 36
545 34
546 60
547 60
548 7
549 60
550 36
551 19
552 57
553 70
554 31
555 17
556 56
557 57
558 76
559 57
560 76
561 76
562 70
563 70
564 70
565 17
566 17
567 17
568 60
569 17
570 6
571 58
572 58
573 58
574 58
575 58
576 76
577 58
578 58
579 58
580 58
581 34
582 57
583 34
584 36
585 6
586 34
587 34
588 36
589 19
590 19
591 70
592 31
593 60
594 6
595 36
596 17
597 69
598 57
599 57
600 70
601 16
602 70
603 61
604 16
605 60
606 16
607 60
608 16
609 16
610 39
611 56
612 76
613 76
614 77
615 76
616 56
617 70
618 58
619 56
620 76
621 68
622 57
623 70
624 16
625 76
626 76
627 57
628 16
629 70
630 17
631 7
632 7
633 36
634 7
635 7
636 7
637 7
638 34
639 34
640 7
641 6
642 7
643 34
644 7
645 36
646 6
647 7
648 7
649 60
650 36
651 69
652 60
653 39
654 7
655 6
656 69
657 28
658 7
659 6
660 7
661 19
662 34
663 58
664 6
665 19
666 70
667 17
668 19
669 17
670 17
671 57
672 68
673 70
674 76
675 68
676 68
677 76
678 68
679 68
680 76
681 6
682 60
683 36
684 6
685 60
686 69
687 19
688 36
689 69
690 19
691 17
692 57
693 17
694 19
695 17
696 60
697 17
698 17
699 6
700 6
701 39
702 39
703 39
704 39
705 31
706 69
707 39
708 39
709 39
710 36
711 61
712 68
713 19
714 31
715 19
716 19
717 70
718 70
719 68
720 68
721 57
722 73
723 68
724 31
725 19
726 31
727 73
728 57
729 76
730 68
731 17
732 76
733 6
734 17
735 58
736 58
737 76
738 58
739 76
740 34
741 34
742 8
743 36
744 57
745 34
746 58
747 34
748 34
749 58
750 34
751 57
752 19
753 17
754 19
755 60
756 19
757 57
758 76
759 17
760 76
761 68
762 19
763 76
764 76
765 68
766 68
767 76
768 76
769 68
770 31
771 16
772 16
773 69
774 31
775 69
776 69
777 60
778 60
779 31
780 69
781 60
782 69
783 31
784 39
785 36
786 39
787 31
788 31
789 31
790 31
791 69
792 31
793 17
794 17
795 70
796 17
797 19
798 19
799 6
800 17
